1.851626168837368705e-02
2.161579857175477404e-01
7.049148196966450453e-01
1.949239901185630423e-03
1.214569774989062486e-03
4.410671098455687953e-04
6.002865909843024296e-03
1.931874767731471152e-03
7.051031880643444808e-04
8.136787501241583972e-04
2.119804512179051387e-02
3.331384296397493347e-10
0.000000000000000000e+00
0.000000000000000000e+00
9.788851944427596685e-08
2.061231782398678156e-19
0.000000000000000000e+00
6.235377389179821368e-06
0.000000000000000000e+00
0.000000000000000000e+00
7.288621416273569250e-08
0.000000000000000000e+00
0.000000000000000000e+00
0.000000000000000000e+00
0.000000000000000000e+00
0.000000000000000000e+00
2.454678225632440534e-05
0.000000000000000000e+00
0.000000000000000000e+00
8.313923334425992662e-14
0.000000000000000000e+00
2.543946128426385317e-05
0.000000000000000000e+00
0.000000000000000000e+00
5.730630184234090303e-06
7.855122605885149560e-06
2.899880634751069006e-06
0.000000000000000000e+00
2.229835715432561966e-09
2.595475734294478196e-05
4.241702189860086927e-09
0.000000000000000000e+00
1.661338640268197805e-05
0.000000000000000000e+00
0.000000000000000000e+00
0.000000000000000000e+00
3.174508838049338243e-05
0.000000000000000000e+00
0.000000000000000000e+00
0.000000000000000000e+00
0.000000000000000000e+00
0.000000000000000000e+00
0.000000000000000000e+00
0.000000000000000000e+00
0.000000000000000000e+00
0.000000000000000000e+00
0.000000000000000000e+00
0.000000000000000000e+00
0.000000000000000000e+00
0.000000000000000000e+00
1.334119092142672403e-06
4.615378524678305102e-09
0.000000000000000000e+00
0.000000000000000000e+00
2.088132890527560240e-09
0.000000000000000000e+00
6.110742647048382841e-17
3.248483885746392985e-12
0.000000000000000000e+00
3.752465821236554097e-05
5.040129885248920139e-04
6.958897860736536157e-05
0.000000000000000000e+00
6.248191042121741149e-07
0.000000000000000000e+00
0.000000000000000000e+00
0.000000000000000000e+00
0.000000000000000000e+00
4.818407493131188581e-05
0.000000000000000000e+00
0.000000000000000000e+00
1.860167017853526033e-09
0.000000000000000000e+00
0.000000000000000000e+00
4.510372290553973322e-07
0.000000000000000000e+00
0.000000000000000000e+00
8.675431126219088060e-06
0.000000000000000000e+00
5.049196846232301826e-06
8.522613026545900207e-07
0.000000000000000000e+00
0.000000000000000000e+00
0.000000000000000000e+00
0.000000000000000000e+00
0.000000000000000000e+00
2.549689523801648631e-06
0.000000000000000000e+00
0.000000000000000000e+00
0.000000000000000000e+00
0.000000000000000000e+00
0.000000000000000000e+00
0.000000000000000000e+00
0.000000000000000000e+00
0.000000000000000000e+00
0.000000000000000000e+00
0.000000000000000000e+00
0.000000000000000000e+00
0.000000000000000000e+00
0.000000000000000000e+00
0.000000000000000000e+00
0.000000000000000000e+00
0.000000000000000000e+00
0.000000000000000000e+00
0.000000000000000000e+00
0.000000000000000000e+00
1.476927567395500389e-14
5.211274397312696529e-04
0.000000000000000000e+00
0.000000000000000000e+00
0.000000000000000000e+00
0.000000000000000000e+00
0.000000000000000000e+00
0.000000000000000000e+00
0.000000000000000000e+00
0.000000000000000000e+00
0.000000000000000000e+00
0.000000000000000000e+00
4.198680881057470895e-05
0.000000000000000000e+00
0.000000000000000000e+00
0.000000000000000000e+00
8.017731593450623663e-09
0.000000000000000000e+00
0.000000000000000000e+00
0.000000000000000000e+00
0.000000000000000000e+00
0.000000000000000000e+00
0.000000000000000000e+00
0.000000000000000000e+00
0.000000000000000000e+00
7.133080302381574725e-05
0.000000000000000000e+00
0.000000000000000000e+00
1.353467092797179442e-05
0.000000000000000000e+00
0.000000000000000000e+00
0.000000000000000000e+00
0.000000000000000000e+00
5.457074420757761856e-10
0.000000000000000000e+00
0.000000000000000000e+00
4.964255019098041147e-07
0.000000000000000000e+00
3.967567856961613002e-06
0.000000000000000000e+00
0.000000000000000000e+00
0.000000000000000000e+00
5.173833359203851935e-05
0.000000000000000000e+00
1.560839952150772212e-07
0.000000000000000000e+00
0.000000000000000000e+00
0.000000000000000000e+00
6.764837068101256404e-05
1.222673578986247085e-06
0.000000000000000000e+00
3.387507160578707493e-08
0.000000000000000000e+00
0.000000000000000000e+00
0.000000000000000000e+00
0.000000000000000000e+00
3.490840363091064389e-07
7.177694860249743747e-06
3.047070641498902955e-11
5.100723829240742764e-05
0.000000000000000000e+00
0.000000000000000000e+00
0.000000000000000000e+00
0.000000000000000000e+00
4.703354882156134603e-06
0.000000000000000000e+00
4.578957479824438654e-05
7.252168387323896492e-06
2.349826366713495627e-07
0.000000000000000000e+00
5.239714606947916092e-06
6.450713675157952878e-07
0.000000000000000000e+00
2.401338427015554684e-04
0.000000000000000000e+00
0.000000000000000000e+00
0.000000000000000000e+00
0.000000000000000000e+00
8.829123398825955434e-07
4.738548868168467162e-05
0.000000000000000000e+00
2.017607663302168667e-05
0.000000000000000000e+00
0.000000000000000000e+00
2.241222025160807922e-06
1.389583366581651874e-08
0.000000000000000000e+00
0.000000000000000000e+00
1.239584773860949946e-11
0.000000000000000000e+00
0.000000000000000000e+00
0.000000000000000000e+00
0.000000000000000000e+00
0.000000000000000000e+00
0.000000000000000000e+00
3.386209671291145118e-04
0.000000000000000000e+00
0.000000000000000000e+00
7.963275568709620643e-08
0.000000000000000000e+00
0.000000000000000000e+00
1.974254852411517586e-05
1.456880170509297712e-07
0.000000000000000000e+00
1.783463297310514529e-04
0.000000000000000000e+00
0.000000000000000000e+00
6.233300654875193763e-08
0.000000000000000000e+00
0.000000000000000000e+00
0.000000000000000000e+00
9.192362314853206708e-06
0.000000000000000000e+00
0.000000000000000000e+00
0.000000000000000000e+00
0.000000000000000000e+00
0.000000000000000000e+00
0.000000000000000000e+00
0.000000000000000000e+00
0.000000000000000000e+00
2.894047620933803002e-07
0.000000000000000000e+00
1.995144268510597348e-03
0.000000000000000000e+00
2.471562447585061770e-05
3.980214778422510472e-10
0.000000000000000000e+00
0.000000000000000000e+00
0.000000000000000000e+00
1.803325867269058475e-09
5.308290129095788779e-07
0.000000000000000000e+00
4.978657243429419061e-08
0.000000000000000000e+00
3.937005796881535555e-12
0.000000000000000000e+00
0.000000000000000000e+00
0.000000000000000000e+00
0.000000000000000000e+00
0.000000000000000000e+00
5.093433759318291565e-10
3.074940156371999976e-05
0.000000000000000000e+00
4.349751327134547973e-08
2.388297198723304266e-09
1.815600186413988662e-13
0.000000000000000000e+00
0.000000000000000000e+00
0.000000000000000000e+00
0.000000000000000000e+00
0.000000000000000000e+00
0.000000000000000000e+00
4.427097801896940513e-11
0.000000000000000000e+00
0.000000000000000000e+00
0.000000000000000000e+00
0.000000000000000000e+00
0.000000000000000000e+00
0.000000000000000000e+00
0.000000000000000000e+00
0.000000000000000000e+00
1.084418026696947629e-04
0.000000000000000000e+00
0.000000000000000000e+00
0.000000000000000000e+00
0.000000000000000000e+00
0.000000000000000000e+00
0.000000000000000000e+00
0.000000000000000000e+00
0.000000000000000000e+00
0.000000000000000000e+00
0.000000000000000000e+00
0.000000000000000000e+00
0.000000000000000000e+00
0.000000000000000000e+00
0.000000000000000000e+00
0.000000000000000000e+00
9.278257244813773646e-07
0.000000000000000000e+00
2.868893907884461421e-06
0.000000000000000000e+00
0.000000000000000000e+00
0.000000000000000000e+00
0.000000000000000000e+00
0.000000000000000000e+00
0.000000000000000000e+00
2.923784007021598146e-07
3.335864558822896150e-05
0.000000000000000000e+00
4.844335375570377281e-08
0.000000000000000000e+00
0.000000000000000000e+00
0.000000000000000000e+00
0.000000000000000000e+00
0.000000000000000000e+00
0.000000000000000000e+00
0.000000000000000000e+00
0.000000000000000000e+00
0.000000000000000000e+00
0.000000000000000000e+00
0.000000000000000000e+00
8.596766282576268341e-09
0.000000000000000000e+00
4.513596214571739088e-06
0.000000000000000000e+00
0.000000000000000000e+00
6.708666352039758973e-09
0.000000000000000000e+00
0.000000000000000000e+00
0.000000000000000000e+00
0.000000000000000000e+00
5.786763721548572652e-06
0.000000000000000000e+00
7.447052548293037456e-06
9.024796429845913001e-07
0.000000000000000000e+00
0.000000000000000000e+00
3.701984786741004285e-07
7.461585926925454389e-10
0.000000000000000000e+00
2.159637196188050500e-06
0.000000000000000000e+00
2.209432435365874890e-09
0.000000000000000000e+00
2.450590999782082805e-08
0.000000000000000000e+00
0.000000000000000000e+00
0.000000000000000000e+00
0.000000000000000000e+00
0.000000000000000000e+00
0.000000000000000000e+00
2.602389169433438903e-12
0.000000000000000000e+00
0.000000000000000000e+00
4.254369154390400535e-05
1.596706159900452561e-07
0.000000000000000000e+00
0.000000000000000000e+00
5.619834116683451879e-06
1.767120954416319953e-07
2.912779579464420960e-08
2.048193360538547556e-07
0.000000000000000000e+00
0.000000000000000000e+00
0.000000000000000000e+00
1.883075076254031140e-06
7.668028146174307703e-05
0.000000000000000000e+00
0.000000000000000000e+00
3.698436836679897498e-03
1.861987170960187725e-08
3.918698223370323093e-07
0.000000000000000000e+00
0.000000000000000000e+00
3.398166808603186544e-08
5.857319508773529391e-07
0.000000000000000000e+00
0.000000000000000000e+00
0.000000000000000000e+00
0.000000000000000000e+00
2.450936458925479820e-05
0.000000000000000000e+00
0.000000000000000000e+00
8.039347495924873018e-06
4.349891419845841763e-07
0.000000000000000000e+00
0.000000000000000000e+00
0.000000000000000000e+00
0.000000000000000000e+00
0.000000000000000000e+00
1.153601324122791235e-07
0.000000000000000000e+00
0.000000000000000000e+00
0.000000000000000000e+00
0.000000000000000000e+00
1.882300648411509001e-04
3.096589735794789181e-07
3.467716907154998084e-09
0.000000000000000000e+00
0.000000000000000000e+00
0.000000000000000000e+00
0.000000000000000000e+00
0.000000000000000000e+00
7.307832708596948589e-08
0.000000000000000000e+00
0.000000000000000000e+00
0.000000000000000000e+00
0.000000000000000000e+00
0.000000000000000000e+00
2.884583050344616807e-05
0.000000000000000000e+00
0.000000000000000000e+00
0.000000000000000000e+00
3.515372979922334512e-08
8.311916833047309925e-08
0.000000000000000000e+00
0.000000000000000000e+00
0.000000000000000000e+00
0.000000000000000000e+00
6.027205752845162373e-09
0.000000000000000000e+00
3.631855798805663890e-05
4.174091471850298057e-13
2.302425226088734322e-06
0.000000000000000000e+00
0.000000000000000000e+00
8.375808833769421527e-06
0.000000000000000000e+00
1.322509646958952775e-06
1.984929312163174405e-06
3.709825692607004880e-05
3.784549272000046107e-06
0.000000000000000000e+00
4.425508596955743985e-08
4.879656947683251342e-06
0.000000000000000000e+00
8.398859082652048266e-06
4.423913647578184122e-09
1.521285106622819667e-08
0.000000000000000000e+00
1.169826122321463018e-10
2.635709759886264774e-04
0.000000000000000000e+00
2.385459110321727432e-04
4.361679755841544949e-12
0.000000000000000000e+00
4.726922485046127956e-05
0.000000000000000000e+00
0.000000000000000000e+00
3.311370237170830555e-06
3.957757065978372318e-10
4.306986041657563841e-07
3.810728404826099064e-03
2.236145376860184382e-07
0.000000000000000000e+00
0.000000000000000000e+00
8.256986814455839667e-09
0.000000000000000000e+00
9.684086250339111047e-05
0.000000000000000000e+00
0.000000000000000000e+00
0.000000000000000000e+00
5.851869295048418878e-06
2.255092970065362124e-07
2.951398402267649439e-06
0.000000000000000000e+00
0.000000000000000000e+00
0.000000000000000000e+00
0.000000000000000000e+00
1.154937437029071329e-04
3.159818067257072710e-07
0.000000000000000000e+00
3.590125818187924422e-05
0.000000000000000000e+00
0.000000000000000000e+00
0.000000000000000000e+00
0.000000000000000000e+00
1.191279304779278756e-07
0.000000000000000000e+00
1.253694765004696717e-06
7.033438871325820398e-05
4.121622864012644414e-05
0.000000000000000000e+00
7.871802156291215547e-05
0.000000000000000000e+00
0.000000000000000000e+00
4.332469304082144806e-05
5.299517185718866449e-08
2.068235515722849246e-05
1.452521834923717244e-06
4.285918955351249483e-06
0.000000000000000000e+00
0.000000000000000000e+00
1.391521621964576252e-05
1.320551848956695573e-04
9.036600361348093003e-10
2.577562355898928141e-06
7.284404050815433242e-10
5.865176913761590808e-06
8.541091401307638768e-12
5.692493702841536626e-08
2.601152850974335683e-05
0.000000000000000000e+00
3.684366851934657621e-06
7.216704081045879397e-09
2.094713406341259143e-04
7.092997665312103181e-05
1.558671385115959937e-06
2.422143467036559834e-07
3.290650800959398577e-06
3.228395262688585530e-07
5.717824001505375271e-06
0.000000000000000000e+00
8.129052234078353056e-05
8.516272767762757469e-15
1.920616156952408406e-08
6.432147456880593231e-07
0.000000000000000000e+00
8.537157889803444749e-10
4.867687090408193607e-11
0.000000000000000000e+00
3.778637828443476255e-05
1.582478050573063867e-04
1.376505379022940460e-07
1.476782736032435138e-05
9.288863568615159474e-05
2.121090649368745267e-08
8.747621983490731924e-11
2.923104828964633134e-05
7.182638931805444517e-08
8.182463928282970438e-06
5.579207365947698302e-10
0.000000000000000000e+00
8.895053687976509896e-05
6.189577749734158251e-07
2.936447782673349967e-06
6.434080027887888382e-08
2.397859689553762337e-06
2.398437292983776198e-06
7.596552718955950739e-10
3.599107388104902486e-09
1.628701014357623708e-06
4.471663069219341587e-07
1.545884731024216503e-05
5.371039135082780169e-09
5.278004165061258145e-06
2.216024868188892096e-07
3.333525317233153672e-12
1.064515798181668898e-09
1.208824629796605762e-04
2.112624444416632860e-05
1.021533367140148394e-03
3.526335194186710831e-07
1.597386555828307149e-06
7.906365772337634995e-09
2.813107851681493369e-16
1.641329620254021202e-07
0.000000000000000000e+00
0.000000000000000000e+00
0.000000000000000000e+00
0.000000000000000000e+00
0.000000000000000000e+00
0.000000000000000000e+00
0.000000000000000000e+00
0.000000000000000000e+00
0.000000000000000000e+00
0.000000000000000000e+00
0.000000000000000000e+00
0.000000000000000000e+00
0.000000000000000000e+00
0.000000000000000000e+00
0.000000000000000000e+00
0.000000000000000000e+00
0.000000000000000000e+00
0.000000000000000000e+00
0.000000000000000000e+00
0.000000000000000000e+00
0.000000000000000000e+00
0.000000000000000000e+00
0.000000000000000000e+00
0.000000000000000000e+00
0.000000000000000000e+00
0.000000000000000000e+00
0.000000000000000000e+00
0.000000000000000000e+00
0.000000000000000000e+00
0.000000000000000000e+00
0.000000000000000000e+00
0.000000000000000000e+00
0.000000000000000000e+00
0.000000000000000000e+00
0.000000000000000000e+00
0.000000000000000000e+00
0.000000000000000000e+00
0.000000000000000000e+00
0.000000000000000000e+00
0.000000000000000000e+00
5.447049016341852795e-06
1.372857233430731507e-10
0.000000000000000000e+00
0.000000000000000000e+00
0.000000000000000000e+00
1.182921876563248637e-16
0.000000000000000000e+00
0.000000000000000000e+00
0.000000000000000000e+00
0.000000000000000000e+00
0.000000000000000000e+00
0.000000000000000000e+00
0.000000000000000000e+00
0.000000000000000000e+00
5.299745676953484305e-10
0.000000000000000000e+00
1.192496058546614119e-04
2.056294663124831904e-08
0.000000000000000000e+00
0.000000000000000000e+00
0.000000000000000000e+00
0.000000000000000000e+00
0.000000000000000000e+00
0.000000000000000000e+00
0.000000000000000000e+00
0.000000000000000000e+00
1.987890167826392510e-03
0.000000000000000000e+00
2.860605749946131500e-05
0.000000000000000000e+00
0.000000000000000000e+00
0.000000000000000000e+00
0.000000000000000000e+00
4.859207388785222187e-05
0.000000000000000000e+00
0.000000000000000000e+00
0.000000000000000000e+00
1.012441005255793006e-05
0.000000000000000000e+00
0.000000000000000000e+00
0.000000000000000000e+00
0.000000000000000000e+00
0.000000000000000000e+00
0.000000000000000000e+00
0.000000000000000000e+00
5.322390427163767907e-08
0.000000000000000000e+00
0.000000000000000000e+00
0.000000000000000000e+00
2.528427231469599672e-09
0.000000000000000000e+00
0.000000000000000000e+00
3.063764426510514190e-07
8.695309312107872777e-10
0.000000000000000000e+00
2.054024498622487264e-05
2.498266299355988265e-07
0.000000000000000000e+00
0.000000000000000000e+00
0.000000000000000000e+00
4.562759027524073988e-06
7.967815398279821412e-12
0.000000000000000000e+00
0.000000000000000000e+00
1.700357157502038940e-06
4.781674790981042586e-06
1.487707213919528777e-05
1.379044246767439591e-05
0.000000000000000000e+00
5.892629107145434864e-07
6.433676372721340210e-06
0.000000000000000000e+00
0.000000000000000000e+00
0.000000000000000000e+00
0.000000000000000000e+00
5.027855940612691556e-06
0.000000000000000000e+00
0.000000000000000000e+00
0.000000000000000000e+00
4.361924559860115233e-05
0.000000000000000000e+00
2.985089418699074206e-05
3.439938082904643569e-04
0.000000000000000000e+00
3.814143347221408322e-06
0.000000000000000000e+00
3.875268172266298493e-05
1.230417831907449971e-03
1.911861927261367655e-10
0.000000000000000000e+00
2.062501377974108099e-05
0.000000000000000000e+00
7.492171543582840650e-07
4.083491335613155575e-07
2.455107804058415653e-05
0.000000000000000000e+00
0.000000000000000000e+00
0.000000000000000000e+00
0.000000000000000000e+00
1.084717180949655253e-07
4.486550096832045485e-04
0.000000000000000000e+00
0.000000000000000000e+00
0.000000000000000000e+00
2.731244436801009284e-04
0.000000000000000000e+00
0.000000000000000000e+00
8.169080155999914312e-06
3.489258112679887385e-05
9.478292273340314499e-04
5.703085278632067333e-05
0.000000000000000000e+00
0.000000000000000000e+00
0.000000000000000000e+00
0.000000000000000000e+00
0.000000000000000000e+00
0.000000000000000000e+00
0.000000000000000000e+00
0.000000000000000000e+00
3.115290295620704582e-06
0.000000000000000000e+00
1.731042301807980211e-05
0.000000000000000000e+00
0.000000000000000000e+00
5.648245976076556000e-06
0.000000000000000000e+00
0.000000000000000000e+00
0.000000000000000000e+00
7.135989315814000752e-12
5.331913178710358161e-10
0.000000000000000000e+00
0.000000000000000000e+00
1.386758847380631025e-10
0.000000000000000000e+00
3.760744185362613970e-09
6.532799787882124104e-10
3.111528029833588536e-07
2.350931890290933700e-05
0.000000000000000000e+00
0.000000000000000000e+00
7.825358014278141079e-06
2.512016406807729721e-08
0.000000000000000000e+00
0.000000000000000000e+00
4.373539083414948876e-06
0.000000000000000000e+00
0.000000000000000000e+00
3.967142009226635270e-05
2.269263936777324945e-08
0.000000000000000000e+00
0.000000000000000000e+00
0.000000000000000000e+00
0.000000000000000000e+00
0.000000000000000000e+00
4.573844201024239117e-09
0.000000000000000000e+00
5.233777670828830482e-10
0.000000000000000000e+00
2.065366653951092857e-06
0.000000000000000000e+00
0.000000000000000000e+00
0.000000000000000000e+00
2.043204280299064272e-08
0.000000000000000000e+00
1.000218704879541004e-03
0.000000000000000000e+00
1.184007423276014192e-10
0.000000000000000000e+00
0.000000000000000000e+00
1.072659586671631743e-04
1.690614836698045173e-11
5.262939869981643143e-07
0.000000000000000000e+00
0.000000000000000000e+00
0.000000000000000000e+00
0.000000000000000000e+00
0.000000000000000000e+00
0.000000000000000000e+00
1.271581722846584748e-05
0.000000000000000000e+00
0.000000000000000000e+00
1.496904933671453199e-07
1.898820464879319072e-08
0.000000000000000000e+00
9.110589721596846463e-06
2.879800902142499670e-07
0.000000000000000000e+00
9.130121933982320458e-10
3.797137681111840881e-04
1.682084686166887530e-08
8.755188728903287305e-09
0.000000000000000000e+00
0.000000000000000000e+00
0.000000000000000000e+00
0.000000000000000000e+00
2.775039101036875123e-07
5.104873342138134236e-06
1.100680069698446280e-13
1.106432796565730498e-05
5.519831893352668348e-07
3.523459194047680134e-06
0.000000000000000000e+00
0.000000000000000000e+00
0.000000000000000000e+00
3.427526758865299374e-09
5.529637633738885897e-07
1.108594405997254234e-06
0.000000000000000000e+00
0.000000000000000000e+00
8.041013224599448048e-09
2.760947839842369719e-06
1.253515073019547697e-10
1.661769109070889778e-05
4.192548634461240104e-13
2.577804575212124328e-08
0.000000000000000000e+00
0.000000000000000000e+00
2.483023715875107257e-07
1.244189839201815927e-08
4.949432911362973154e-05
0.000000000000000000e+00
2.267559189859509833e-04
3.840448891255842181e-05
1.612371316820425773e-04
0.000000000000000000e+00
1.285801315017103122e-06
0.000000000000000000e+00
7.865880714419692615e-06
0.000000000000000000e+00
1.451507331888106731e-08
0.000000000000000000e+00
8.133157213002255499e-05
6.028416053340423424e-04
9.476550832409024990e-06
0.000000000000000000e+00
0.000000000000000000e+00
0.000000000000000000e+00
0.000000000000000000e+00
2.924573609516628904e-06
1.418647746107486068e-05
1.755218313274233096e-08
0.000000000000000000e+00
5.395831089721742210e-05
3.125996403929231554e-06
1.620211017586242684e-08
0.000000000000000000e+00
5.485351507309639234e-06
2.031337621280270640e-04
0.000000000000000000e+00
1.486908991166408739e-06
0.000000000000000000e+00
8.304993782241886814e-05
1.903030796927272633e-07
3.769384085850297879e-06
0.000000000000000000e+00
5.409596725169130848e-05
2.663716013336666358e-10
3.745086884328998799e-08
0.000000000000000000e+00
2.285102468850303968e-04
0.000000000000000000e+00
1.037279111033054293e-05
3.305063012921650957e-05
0.000000000000000000e+00
0.000000000000000000e+00
2.545152296337592311e-05
0.000000000000000000e+00
8.957424049629480853e-11
5.554122687381059298e-07
2.500770227626503508e-13
3.239242136964715264e-06
2.129410982608844447e-06
1.671868101286948425e-05
9.879126666786097348e-06
3.432863131510482165e-05
1.764946229791577729e-09
2.535862660721753948e-05
3.250678860183392224e-09
1.143096674175434014e-07
9.107033094838865526e-17
0.000000000000000000e+00
0.000000000000000000e+00
0.000000000000000000e+00
0.000000000000000000e+00
0.000000000000000000e+00
0.000000000000000000e+00
0.000000000000000000e+00
0.000000000000000000e+00
0.000000000000000000e+00
0.000000000000000000e+00
0.000000000000000000e+00
0.000000000000000000e+00
0.000000000000000000e+00
0.000000000000000000e+00
0.000000000000000000e+00
0.000000000000000000e+00
0.000000000000000000e+00
0.000000000000000000e+00
0.000000000000000000e+00
0.000000000000000000e+00
0.000000000000000000e+00
0.000000000000000000e+00
0.000000000000000000e+00
0.000000000000000000e+00
0.000000000000000000e+00
1.998906572661152237e-05
3.683402683202407959e-04
1.537032227931692168e-05
1.266918343057754095e-04
3.868481210854798251e-05
5.051294798806525845e-05
5.817844076861308653e-05
0.000000000000000000e+00
0.000000000000000000e+00
