272393 87 -1 -1 -1 -1 -1 -1 0 0 0 0 0 0 0 -1 -1 0 
272394 21 -1 -1 -1 -1 -1 -1 0 0 0 0 0 7644 0 -1 -1 0 
272395 204 -1 -1 -1 -1 -1 -1 0 0 0 0 0 13869 0 -1 -1 0 
272396 204 -1 -1 -1 -1 -1 -1 0 0 0 0 0 17109 0 -1 -1 0 
272397 235 -1 -1 -1 -1 -1 -1 0 0 0 0 0 23552 0 -1 -1 0 
272398 204 -1 -1 -1 -1 -1 -1 0 0 0 0 0 26683 0 -1 -1 0 
272399 204 -1 -1 -1 -1 -1 -1 0 0 0 0 0 26683 0 -1 -1 0 
272400 275 -1 -1 -1 -1 -1 -1 0 0 0 0 0 31113 0 -1 -1 0 
272401 275 61 -1 -1 1 -1 384 0 0 0 0 0 31567 0 -1 -1 61 
272402 275 58 61 -1 1 1 70 0 0 0 0 0 31700 0 -1 -1 58 
272403 275 71 58 -1 1 1 291 0 0 0 0 0 32084 0 61 -1 71 
272404 156 -1 -1 -1 -1 -1 -1 0 0 0 0 0 32104 0 -1 -1 0 
272405 275 71 58 -1 1 1 -1 4 4 1 4 16 32116 528 61 -1 71 
272406 275 71 39 58 1 1 32 0 0 0 0 0 32215 512 71 58 71 
272407 275 71 39 58 1 1 -1 41 41 1 41 64 32273 576 71 58 71 
272408 275 104 41 39 1 1 48 0 0 0 0 0 32444 512 71 39 104 
272409 275 104 41 39 1 1 -1 39 39 1 39 128 32511 640 71 39 104 
272410 275 49 104 71 1 1 128 117 117 1 117 4 32649 516 41 71 49 
272411 275 40 156 104 1 1 26 0 0 0 0 0 32718 512 49 104 40 
272412 275 40 156 104 1 1 -1 0 0 0 0 0 32734 512 49 104 40 
272413 275 48 40 49 1 1 -1 117 117 1 117 2 32859 514 156 49 48 
272414 275 70 48 156 1 1 -1 234 234 1 234 2 32976 514 40 156 70 
272415 233 -1 -1 -1 -1 -1 -1 0 0 0 0 0 32988 516 -1 -1 0 
272416 275 249 70 40 1 1 -1 84 84 1 84 2 33066 514 48 40 249 
272417 275 91 249 48 1 1 -1 2 2 1 2 1 33074 513 70 48 91 
272418 275 91 249 48 1 1 -1 13 13 1 13 1 33085 513 70 48 91 
272419 275 91 249 48 1 1 -1 29 29 1 29 1 33101 513 70 48 91 
272420 275 40 7 91 1 1 -1 78 78 1 78 1 33180 513 37 91 40 
272421 275 43 40 37 1 1 -1 151 151 1 151 1 33253 513 7 37 43 
272422 47 -1 -1 -1 -1 -1 -1 0 0 0 0 0 33265 513 -1 -1 0 
272423 275 43 40 37 1 1 -1 268 176 2 88 2 33370 514 7 37 43 
272424 275 52 307 43 1 1 29 0 0 0 0 0 33453 512 118 43 52 
272425 214 -1 -1 -1 -1 -1 -1 0 0 0 0 0 33539 768 -1 -1 0 
272426 47 24 -1 -1 1 -1 251 0 0 0 0 0 33540 768 -1 -1 24 
272427 47 14 24 -1 1 1 18 0 0 0 0 0 33572 768 -1 -1 14 
272428 274 -1 -1 -1 -1 -1 -1 0 0 0 0 0 33602 800 -1 -1 0 
272429 47 124 14 -1 1 1 9 0 0 0 0 0 33705 768 24 -1 124 
272430 274 45 -1 -1 1 -1 63 0 0 0 0 0 33710 1280 -1 -1 45 
272431 275 38 52 118 1 1 245 0 0 0 0 0 33745 796 307 118 38 
272432 275 38 52 118 1 1 -1 1 1 1 1 256 33763 1024 307 118 38 
272433 47 6 124 24 1 1 55 0 0 0 0 0 33766 1024 14 24 6 
272434 47 4 6 14 0 1 86 0 0 0 0 0 33856 1024 124 14 4 
272435 275 42 38 307 1 1 -1 111 111 1 111 256 33873 1024 52 307 42 
272436 275 120 42 52 1 1 5 5 5 1 5 4 33887 772 38 52 120 
272437 47 4 4 124 0 0 34 0 0 0 0 0 33894 772 6 124 4 
272438 47 3 4 6 0 0 16 0 0 0 0 0 33913 1028 4 6 3 
272439 275 55 120 38 1 1 -1 52 52 1 52 256 33964 1024 42 38 55 
272440 47 5 3 4 0 0 51 0 0 0 0 0 33969 1024 4 4 5 
272441 47 3 5 4 0 0 21 0 0 0 0 0 33993 770 3 4 3 
272442 47 5 3 3 0 0 37 0 0 0 0 0 34035 770 5 3 5 
272443 47 5 5 5 0 0 91 0 0 0 0 0 34131 768 3 5 5 
272444 233 1 -1 -1 1 -1 1154 0 0 0 0 0 34167 1280 -1 -1 1 
272445 275 69 64 120 1 1 167 0 0 0 0 0 34208 1281 55 120 69 
272446 275 69 64 120 1 1 -1 97 97 1 97 256 34309 1537 55 120 69 
272447 275 99 69 55 1 1 44 23 23 1 23 256 34355 1025 64 55 99 
272448 47 216 5 3 1 0 16 0 0 0 0 0 34363 1537 5 3 216 
272449 160 -1 -1 -1 -1 -1 -1 0 0 0 0 0 34449 1281 -1 -1 0 
272450 275 53 99 64 1 1 -1 158 158 1 158 512 34520 1409 69 64 53 
272451 275 188 53 69 1 1 21 0 0 0 0 0 34571 1409 99 69 188 
272452 47 25 216 5 0 1 50 0 0 0 0 0 34627 1409 5 5 25 
272453 274 50 45 -1 1 1 1230 0 0 0 0 0 34990 1409 -1 -1 50 
272454 47 25 216 5 0 1 -1 308 308 1 308 512 35001 1437 5 5 25 
272455 274 48 50 -1 1 1 9 0 0 0 0 0 35047 897 45 -1 48 
272456 274 42 48 45 1 1 106 0 0 0 0 0 35195 897 50 45 42 
272457 47 344 8 216 0 5 392 0 0 0 0 0 35429 897 25 216 344 
272458 47 9 344 25 0 0 19 0 0 0 0 0 35457 897 8 25 9 
272459 47 88 9 8 1 0 68 0 0 0 0 0 35613 897 344 8 88 
272460 47 11 88 344 5 1 36 0 0 0 0 0 35660 897 9 344 11 
272461 47 3 11 9 1 5 124 0 0 0 0 0 35787 897 88 9 3 
272462 47 3 3 88 1 1 154 0 0 0 0 0 35944 897 11 88 3 
272463 47 3 3 88 1 1 -1 61 61 1 61 512 36005 1409 11 88 3 
272464 47 9 3 11 5 1 -1 81 81 1 81 512 36025 1409 3 11 9 
272465 47 13 82 3 1 1 83 0 0 0 0 0 36121 897 9 3 13 
272466 47 13 82 3 1 1 -1 61 61 1 61 512 36182 1409 9 3 13 
272467 47 6 13 9 5 1 -1 131 131 1 131 512 36252 1409 82 9 6 
272468 47 149 12 13 1 1 97 0 0 0 0 0 36367 897 6 13 149 
272469 274 21 42 50 1 1 1186 0 0 0 0 0 36402 897 48 50 21 
272470 47 14 149 6 1 1 664 0 0 0 0 0 37045 897 12 6 14 
272471 156 -1 -1 -1 -1 -1 -1 5164 5164 1 5164 512 37276 897 -1 -1 0 
272472 47 152 14 12 1 1 310 0 0 0 0 0 37507 897 149 12 152 
272473 31 -1 -1 -1 -1 -1 -1 0 0 0 0 0 37810 897 -1 -1 0 
272474 47 148 152 149 1 1 278 0 0 0 0 0 37933 897 14 149 148 
272475 47 148 152 149 1 1 -1 84 84 1 84 512 38017 1409 14 149 148 
272476 47 9 148 14 1 1 -1 144 144 1 144 512 38077 1409 152 14 9 
272477 47 7 149 148 1 1 243 0 0 0 0 0 38327 897 9 148 7 
272478 47 7 149 148 1 1 -1 27 27 1 27 512 38354 1409 9 148 7 
272479 47 7 149 148 1 1 -1 57 60 2 30 544 38384 1441 9 148 7 
272480 47 141 164 7 1 1 29 0 0 0 0 0 38554 897 149 7 141 
272481 254 -1 -1 -1 -1 -1 -1 0 0 0 0 0 38592 1409 -1 -1 0 
272482 47 73 141 149 1 1 47 0 0 0 0 0 38674 905 164 149 73 
272483 47 74 73 164 1 1 144 0 0 0 0 0 38892 905 141 164 74 
272484 47 75 74 141 1 1 28 0 0 0 0 0 38995 905 73 141 75 
272485 141 -1 -1 -1 -1 -1 -1 0 0 0 0 0 39063 1417 -1 -1 0 
272486 254 -1 -1 -1 -1 -1 -1 480 480 1 480 8 39072 905 -1 -1 0 
272487 254 -1 -1 -1 -1 -1 -1 481 2 2 1 16 39073 913 -1 -1 0 
272488 254 -1 -1 -1 -1 -1 -1 482 3 3 1 24 39074 921 -1 -1 0 
272489 254 -1 -1 -1 -1 -1 -1 483 4 4 1 32 39075 929 -1 -1 0 
272490 254 -1 -1 -1 -1 -1 -1 483 4 4 1 32 39075 929 -1 -1 0 
272491 254 -1 -1 -1 -1 -1 -1 484 6 6 1 48 39076 945 -1 -1 0 
272492 254 -1 -1 -1 -1 -1 -1 485 7 7 1 56 39077 953 -1 -1 0 
272493 254 -1 -1 -1 -1 -1 -1 486 8 8 1 64 39078 961 -1 -1 0 
272494 254 -1 -1 -1 -1 -1 -1 486 8 8 1 64 39078 961 -1 -1 0 
272495 254 -1 -1 -1 -1 -1 -1 487 10 10 1 80 39079 977 -1 -1 0 
272496 254 -1 -1 -1 -1 -1 -1 488 11 11 1 88 39080 985 -1 -1 0 
272497 254 -1 -1 -1 -1 -1 -1 489 12 12 1 96 39081 993 -1 -1 0 
272498 254 -1 -1 -1 -1 -1 -1 489 12 12 1 96 39081 993 -1 -1 0 
272499 254 -1 -1 -1 -1 -1 -1 490 14 14 1 112 39082 1009 -1 -1 0 
272500 254 -1 -1 -1 -1 -1 -1 491 15 15 1 120 39083 1017 -1 -1 0 
272501 254 -1 -1 -1 -1 -1 -1 492 16 16 1 128 39084 1025 -1 -1 0 
272502 254 -1 -1 -1 -1 -1 -1 492 16 16 1 128 39084 1025 -1 -1 0 
272503 254 -1 -1 -1 -1 -1 -1 493 18 18 1 144 39085 1041 -1 -1 0 
272504 254 -1 -1 -1 -1 -1 -1 494 19 19 1 152 39086 1049 -1 -1 0 
272505 254 -1 -1 -1 -1 -1 -1 494 19 19 1 152 39086 1049 -1 -1 0 
272506 254 -1 -1 -1 -1 -1 -1 495 21 21 1 168 39087 1065 -1 -1 0 
272507 254 -1 -1 -1 -1 -1 -1 496 22 22 1 176 39088 1073 -1 -1 0 
272508 254 -1 -1 -1 -1 -1 -1 497 23 23 1 184 39089 1081 -1 -1 0 
272509 254 -1 -1 -1 -1 -1 -1 497 23 23 1 184 39089 1081 -1 -1 0 
272510 254 -1 -1 -1 -1 -1 -1 498 25 25 1 200 39090 1097 -1 -1 0 
272511 254 -1 -1 -1 -1 -1 -1 499 26 26 1 208 39091 1105 -1 -1 0 
272512 254 -1 -1 -1 -1 -1 -1 500 27 27 1 216 39092 1113 -1 -1 0 
272513 254 -1 -1 -1 -1 -1 -1 500 27 27 1 216 39092 1113 -1 -1 0 
272514 254 -1 -1 -1 -1 -1 -1 501 29 29 1 232 39093 1129 -1 -1 0 
272515 254 -1 -1 -1 -1 -1 -1 502 30 30 1 240 39094 1137 -1 -1 0 
272516 254 -1 -1 -1 -1 -1 -1 503 31 31 1 248 39095 1145 -1 -1 0 
272517 254 -1 -1 -1 -1 -1 -1 503 31 31 1 248 39095 1145 -1 -1 0 
272518 254 -1 -1 -1 -1 -1 -1 504 33 33 1 264 39096 1161 -1 -1 0 
272519 254 -1 -1 -1 -1 -1 -1 505 34 34 1 272 39097 1169 -1 -1 0 
272520 254 -1 -1 -1 -1 -1 -1 506 35 35 1 280 39098 1177 -1 -1 0 
272521 254 -1 -1 -1 -1 -1 -1 506 35 35 1 280 39098 1177 -1 -1 0 
272522 254 -1 -1 -1 -1 -1 -1 507 37 37 1 296 39099 1193 -1 -1 0 
272523 254 -1 -1 -1 -1 -1 -1 508 38 38 1 304 39100 1201 -1 -1 0 
272524 254 -1 -1 -1 -1 -1 -1 509 39 39 1 312 39101 1209 -1 -1 0 
272525 254 -1 -1 -1 -1 -1 -1 509 39 39 1 312 39101 1209 -1 -1 0 
272526 254 -1 -1 -1 -1 -1 -1 510 41 41 1 328 39102 1225 -1 -1 0 
272527 254 -1 -1 -1 -1 -1 -1 511 42 42 1 336 39103 1233 -1 -1 0 
272528 254 -1 -1 -1 -1 -1 -1 511 42 42 1 336 39103 1233 -1 -1 0 
272529 254 -1 -1 -1 -1 -1 -1 512 44 44 1 352 39104 1249 -1 -1 0 
272530 254 -1 -1 -1 -1 -1 -1 513 45 45 1 360 39105 1257 -1 -1 0 
272531 254 -1 -1 -1 -1 -1 -1 514 46 46 1 368 39106 1265 -1 -1 0 
272532 254 -1 -1 -1 -1 -1 -1 514 46 46 1 368 39106 1265 -1 -1 0 
272533 254 -1 -1 -1 -1 -1 -1 515 48 48 1 384 39107 1281 -1 -1 0 
272534 254 -1 -1 -1 -1 -1 -1 516 49 49 1 392 39108 1289 -1 -1 0 
272535 254 -1 -1 -1 -1 -1 -1 517 50 50 1 400 39109 1297 -1 -1 0 
272536 254 -1 -1 -1 -1 -1 -1 517 50 50 1 400 39109 1297 -1 -1 0 
272537 254 -1 -1 -1 -1 -1 -1 518 52 52 1 416 39110 1313 -1 -1 0 
272538 254 -1 -1 -1 -1 -1 -1 519 53 53 1 424 39111 1321 -1 -1 0 
272539 254 -1 -1 -1 -1 -1 -1 520 54 54 1 432 39112 1329 -1 -1 0 
272540 254 -1 -1 -1 -1 -1 -1 520 54 54 1 432 39112 1329 -1 -1 0 
272541 254 -1 -1 -1 -1 -1 -1 521 56 56 1 448 39113 1345 -1 -1 0 
272542 254 -1 -1 -1 -1 -1 -1 522 57 57 1 456 39114 1353 -1 -1 0 
272543 254 -1 -1 -1 -1 -1 -1 523 58 58 1 464 39115 1361 -1 -1 0 
272544 254 -1 -1 -1 -1 -1 -1 523 58 58 1 464 39115 1361 -1 -1 0 
272545 254 -1 -1 -1 -1 -1 -1 524 60 60 1 480 39116 1377 -1 -1 0 
272546 254 -1 -1 -1 -1 -1 -1 525 61 61 1 488 39117 1385 -1 -1 0 
272547 254 -1 -1 -1 -1 -1 -1 526 62 62 1 496 39118 1393 -1 -1 0 
272548 254 -1 -1 -1 -1 -1 -1 526 62 62 1 496 39118 1393 -1 -1 0 
272549 254 -1 -1 -1 -1 -1 -1 527 64 64 1 512 39119 1409 -1 -1 0 
272550 254 -1 -1 -1 -1 -1 -1 528 65 65 1 520 39120 1417 -1 -1 0 
272551 254 -1 -1 -1 -1 -1 -1 529 66 66 1 528 39121 1425 -1 -1 0 
272552 254 -1 -1 -1 -1 -1 -1 529 66 66 1 528 39121 1425 -1 -1 0 
272553 254 -1 -1 -1 -1 -1 -1 530 68 68 1 544 39122 1441 -1 -1 0 
272554 254 -1 -1 -1 -1 -1 -1 531 69 69 1 552 39123 1449 -1 -1 0 
272555 254 -1 -1 -1 -1 -1 -1 531 69 69 1 552 39123 1449 -1 -1 0 
272556 254 -1 -1 -1 -1 -1 -1 532 71 71 1 568 39124 1465 -1 -1 0 
272557 254 -1 -1 -1 -1 -1 -1 533 72 72 1 576 39125 1473 -1 -1 0 
272558 254 -1 -1 -1 -1 -1 -1 534 73 73 1 584 39126 1481 -1 -1 0 
272559 254 -1 -1 -1 -1 -1 -1 534 73 73 1 584 39126 1481 -1 -1 0 
272560 254 -1 -1 -1 -1 -1 -1 535 75 75 1 600 39127 1497 -1 -1 0 
272561 254 -1 -1 -1 -1 -1 -1 536 76 76 1 608 39128 1505 -1 -1 0 
272562 254 -1 -1 -1 -1 -1 -1 537 77 77 1 616 39129 1513 -1 -1 0 
272563 254 -1 -1 -1 -1 -1 -1 537 77 77 1 616 39129 1513 -1 -1 0 
272564 254 -1 -1 -1 -1 -1 -1 538 79 79 1 632 39130 1529 -1 -1 0 
272565 254 -1 -1 -1 -1 -1 -1 539 80 80 1 640 39131 1537 -1 -1 0 
272566 254 -1 -1 -1 -1 -1 -1 540 81 81 1 648 39132 1545 -1 -1 0 
272567 254 -1 -1 -1 -1 -1 -1 541 82 82 1 656 39133 1553 -1 -1 0 
272568 254 -1 -1 -1 -1 -1 -1 541 82 82 1 656 39133 1553 -1 -1 0 
272569 254 -1 -1 -1 -1 -1 -1 542 84 84 1 672 39134 1569 -1 -1 0 
272570 254 -1 -1 -1 -1 -1 -1 543 85 85 1 680 39135 1577 -1 -1 0 
272571 254 -1 -1 -1 -1 -1 -1 543 85 85 1 680 39135 1577 -1 -1 0 
272572 254 -1 -1 -1 -1 -1 -1 544 87 87 1 696 39136 1593 -1 -1 0 
272573 254 -1 -1 -1 -1 -1 -1 545 88 88 1 704 39137 1601 -1 -1 0 
272574 254 -1 -1 -1 -1 -1 -1 546 89 89 1 712 39138 1609 -1 -1 0 
272575 254 -1 -1 -1 -1 -1 -1 546 89 89 1 712 39138 1609 -1 -1 0 
272576 254 -1 -1 -1 -1 -1 -1 547 91 91 1 728 39139 1625 -1 -1 0 
272577 254 -1 -1 -1 -1 -1 -1 548 92 92 1 736 39140 1633 -1 -1 0 
272578 254 -1 -1 -1 -1 -1 -1 549 93 93 1 744 39141 1641 -1 -1 0 
272579 254 -1 -1 -1 -1 -1 -1 549 93 93 1 744 39141 1641 -1 -1 0 
272580 254 -1 -1 -1 -1 -1 -1 550 95 95 1 760 39142 1657 -1 -1 0 
272581 254 -1 -1 -1 -1 -1 -1 551 96 96 1 768 39143 1665 -1 -1 0 
272582 254 -1 -1 -1 -1 -1 -1 551 96 96 1 768 39143 1665 -1 -1 0 
272583 254 -1 -1 -1 -1 -1 -1 552 98 98 1 784 39144 1681 -1 -1 0 
272584 254 -1 -1 -1 -1 -1 -1 553 99 99 1 792 39145 1689 -1 -1 0 
272585 254 -1 -1 -1 -1 -1 -1 554 100 100 1 800 39146 1697 -1 -1 0 
272586 211 -1 -1 -1 -1 -1 -1 0 0 0 0 0 39729 1705 -1 -1 0 
272587 47 74 75 73 1 1 667 0 0 0 0 0 39736 1705 74 73 74 
272588 211 -1 -1 -1 -1 -1 -1 0 0 0 0 0 39758 1705 -1 -1 0 
272589 47 7 74 74 1 1 47 0 0 0 0 0 39790 1705 75 74 7 
272590 211 -1 -1 -1 -1 -1 -1 0 0 0 0 0 39837 1705 -1 -1 0 
272591 211 -1 -1 -1 -1 -1 -1 0 0 0 0 0 39839 1705 -1 -1 0 
272592 47 2 7 75 5 1 55 0 0 0 0 0 39847 1705 74 75 2 
272593 47 2 2 74 5 5 24 0 0 0 0 0 39873 1705 7 74 2 
272594 211 -1 -1 -1 -1 -1 -1 0 0 0 0 0 39906 1705 -1 -1 0 
272595 211 -1 -1 -1 -1 -1 -1 0 0 0 0 0 39909 1705 -1 -1 0 
272596 47 8 2 7 1 5 42 0 0 0 0 0 39923 1705 2 7 8 
272597 211 -1 -1 -1 -1 -1 -1 0 0 0 0 0 40007 1705 -1 -1 0 
272598 47 8 8 2 1 1 338 0 0 0 0 0 40269 1705 2 2 8 
272599 47 8 8 2 1 1 37 0 0 0 0 0 40314 1705 8 2 8 
272600 47 8 8 8 1 1 63 0 0 0 0 0 40385 1705 8 8 8 
272601 47 8 8 8 1 1 29 0 0 0 0 0 40422 1705 8 8 8 
272602 141 -1 -1 -1 -1 -1 -1 0 0 0 0 0 40445 1737 -1 -1 0 
272603 141 -1 -1 -1 -1 -1 -1 0 0 0 0 0 40446 1737 -1 -1 0 
272604 141 -1 -1 -1 -1 -1 -1 0 0 0 0 0 40447 1737 -1 -1 0 
272605 141 -1 -1 -1 -1 -1 -1 0 0 0 0 0 40448 1737 -1 -1 0 
272606 141 -1 -1 -1 -1 -1 -1 0 0 0 0 0 40448 1737 -1 -1 0 
272607 141 -1 -1 -1 -1 -1 -1 0 0 0 0 0 40449 1737 -1 -1 0 
272608 281 -1 -1 -1 -1 -1 -1 0 0 0 0 0 40468 2505 -1 -1 0 
272609 281 0 -1 -1 5 -1 8 0 0 0 0 0 40513 2505 -1 -1 0 
272610 47 142 8 8 1 1 66 0 0 0 0 0 40630 1961 8 8 142 
272611 281 3 0 -1 1 5 217 0 0 0 0 0 40762 1961 -1 -1 3 
272612 47 3 142 8 5 1 156 0 0 0 0 0 40789 1993 8 8 3 
272613 47 6 3 8 5 5 54 0 0 0 0 0 40849 1993 142 8 6 
272614 47 3 6 142 5 5 67 0 0 0 0 0 40919 1993 3 142 3 
272615 281 181 3 -1 1 1 200 0 0 0 0 0 41163 1705 0 -1 181 
272616 47 7 3 3 5 5 511 0 0 0 0 0 41437 1705 6 3 7 
272617 214 -1 -1 -1 -1 -1 -1 0 0 0 0 0 42319 1577 -1 -1 0 
272618 214 1 -1 -1 1 -1 111 0 0 0 0 0 42454 1577 -1 -1 1 
272619 214 1 1 -1 1 1 317 0 0 0 0 0 42780 1577 -1 -1 1 
272620 141 607 606 110 1 1 1863 0 0 0 0 0 42922 1577 123 110 607 
272621 141 607 606 110 1 1 -1 0 0 0 0 0 42922 1577 123 110 607 
272622 141 607 606 110 1 1 -1 0 0 0 0 0 42923 1577 123 110 607 
272623 141 607 606 110 1 1 -1 0 0 0 0 0 42924 1577 123 110 607 
272624 141 607 606 110 1 1 -1 0 0 0 0 0 42925 1577 123 110 607 
272625 141 607 606 110 1 1 -1 0 0 0 0 0 42926 1577 123 110 607 
272626 141 126 122 100 1 1 264 0 0 0 0 0 43332 1577 108 100 126 
272627 141 126 122 100 1 1 -1 0 0 0 0 0 43333 1577 108 100 126 
272628 141 126 122 100 1 1 -1 0 0 0 0 0 43334 1577 108 100 126 
272629 141 126 122 100 1 1 -1 0 0 0 0 0 43334 1577 108 100 126 
272630 141 126 122 100 1 1 -1 0 0 0 0 0 43335 1577 108 100 126 
272631 141 126 122 100 1 1 -1 0 0 0 0 0 43336 1577 108 100 126 
272632 214 1 1 -1 1 1 682 0 0 0 0 0 43475 1961 1 -1 1 
272633 214 1 1 1 1 1 218 0 0 0 0 0 43701 1577 1 1 1 
272634 214 14 1 1 1 1 125 0 0 0 0 0 43861 1577 1 1 14 
272635 274 43 21 48 1 1 7522 0 0 0 0 0 43967 1577 42 48 43 
272636 274 13 43 42 1 1 42 0 0 0 0 0 44022 1577 21 42 13 
272637 214 17 14 1 1 1 141 0 0 0 0 0 44030 1640 1 1 17 
272638 214 17 14 1 1 1 -1 866 866 1 866 32 44918 1608 1 1 17 
272639 214 1 17 1 1 1 -1 942 942 1 942 32 44994 1608 14 1 1 
272640 214 1 1 14 1 1 -1 1006 1006 1 1006 32 45058 1608 17 14 1 
272641 214 1 1 17 1 1 -1 1051 1051 1 1051 32 45103 1608 1 17 1 
272642 214 1082 1 1 1 1 64 0 0 0 0 0 45198 1576 1 1 1082 
272643 214 2 1082 1 1 1 112 0 0 0 0 0 45336 1576 1 1 2 
272644 214 2 1082 1 1 1 -1 0 0 0 0 0 45412 1576 1 1 2 
272645 58 -1 -1 -1 -1 -1 -1 0 0 0 0 0 45475 1576 -1 -1 0 
272646 214 2 2 1 1 1 57 0 0 0 0 0 45491 1576 1082 1 2 
272647 141 127 121 103 1 1 2039 0 0 0 0 0 45528 1576 114 103 127 
272648 141 127 121 103 1 1 -1 0 0 0 0 0 45528 1576 114 103 127 
272649 141 127 121 103 1 1 -1 0 0 0 0 0 45529 1576 114 103 127 
272650 141 127 121 103 1 1 -1 0 0 0 0 0 45530 1576 114 103 127 
272651 141 127 121 103 1 1 -1 0 0 0 0 0 45531 1576 114 103 127 
272652 141 127 121 103 1 1 -1 0 0 0 0 0 45531 1576 114 103 127 
272653 214 1 2 1082 1 1 208 0 0 0 0 0 45701 1704 2 1082 1 
272654 47 149 7 6 1 5 4235 0 0 0 0 0 45821 1704 3 6 149 
272655 141 585 22 17 1 1 59 0 0 0 0 0 46196 1576 19 17 585 
272656 141 585 22 17 1 1 -1 0 0 0 0 0 46197 1576 19 17 585 
272657 141 585 22 17 1 1 -1 0 0 0 0 0 46197 1576 19 17 585 
272658 141 585 22 17 1 1 -1 0 0 0 0 0 46198 1576 19 17 585 
272659 141 585 22 17 1 1 -1 0 0 0 0 0 46199 1576 19 17 585 
272660 141 585 22 17 1 1 -1 0 0 0 0 0 46200 1576 19 17 585 
272661 47 6 149 3 0 1 403 0 0 0 0 0 46230 2216 7 3 6 
272662 47 3 6 7 5 0 126 0 0 0 0 0 46359 1832 149 7 3 
272663 51 -1 -1 -1 -1 -1 -1 0 0 0 0 0 46431 2088 -1 -1 0 
272664 47 101 3 149 0 5 4 0 0 0 0 0 46464 1832 6 149 101 
272665 47 4 101 6 1 0 9 0 0 0 0 0 46477 1832 3 6 4 
272666 118 -1 -1 -1 -1 -1 -1 0 0 0 0 0 46508 1832 -1 -1 0 
272667 47 24 4 3 1 1 15 0 0 0 0 0 46516 1833 101 3 24 
272668 47 24 4 3 1 1 -1 1 1 1 1 256 46517 2089 101 3 24 
272669 274 45 13 21 1 1 2471 0 0 0 0 0 46538 2089 43 21 45 
272670 118 2 -1 -1 0 -1 44 0 0 0 0 0 46554 1833 -1 -1 2 
272671 274 14 45 43 1 1 31 0 0 0 0 0 46583 1865 13 43 14 
272672 47 32 2 4 1 1 63 0 0 0 0 0 46611 1928 24 4 32 
272673 47 30 32 24 1 1 30 0 0 0 0 0 46671 1865 2 24 30 
272674 47 26 30 2 1 1 97 0 0 0 0 0 46794 1865 32 2 26 
272675 47 26 30 2 1 1 -1 2 2 1 2 256 46796 2121 32 2 26 
272676 274 45 14 13 1 1 183 0 0 0 0 0 46811 1865 45 13 45 
272677 47 52 3 30 1 1 56 0 0 0 0 0 46904 1609 26 30 52 
272678 274 43 45 45 1 1 74 0 0 0 0 0 46928 1609 14 45 43 
272679 47 6 52 26 1 1 109 0 0 0 0 0 47019 1609 3 26 6 
272680 47 150 6 3 1 1 125 0 0 0 0 0 47294 1609 52 3 150 
272681 47 150 6 3 1 1 -1 19 19 1 19 256 47313 1865 52 3 150 
272682 47 2 150 52 1 1 -1 97 97 1 97 256 47391 1865 6 52 2 
272683 141 585 585 22 1 1 603 0 0 0 0 0 47400 1865 23 22 585 
272684 141 585 585 22 1 1 -1 0 0 0 0 0 47401 1865 23 22 585 
272685 141 585 585 22 1 1 -1 0 0 0 0 0 47402 1865 23 22 585 
272686 141 585 585 22 1 1 -1 0 0 0 0 0 47403 1865 23 22 585 
272687 141 585 585 22 1 1 -1 0 0 0 0 0 47403 1865 23 22 585 
272688 141 585 585 22 1 1 -1 0 0 0 0 0 47404 1865 23 22 585 
272689 141 585 585 22 1 1 -1 6 30 5 6 640 47418 2249 23 22 585 
272690 47 122 2 150 1 1 27 0 0 0 0 0 47443 2377 2 150 122 
272691 47 7 122 2 1 1 77 0 0 0 0 0 47590 1609 2 2 7 
272692 47 27 7 2 1 1 62 0 0 0 0 0 47679 1609 122 2 27 
272693 281 195 181 0 1 1 6634 0 0 0 0 0 48001 1609 3 0 195 
272694 160 7185 -1 -1 1 -1 6436 0 0 0 0 0 48073 1641 -1 -1 7185 
272695 141 112 126 103 1 1 541 0 0 0 0 0 48095 1641 121 103 112 
272696 141 112 126 103 1 1 -1 0 0 0 0 0 48096 1641 121 103 112 
272697 141 112 126 103 1 1 -1 0 0 0 0 0 48097 1641 121 103 112 
272698 141 112 126 103 1 1 -1 0 0 0 0 0 48098 1641 121 103 112 
272699 141 112 126 103 1 1 -1 0 0 0 0 0 48098 1641 121 103 112 
272700 141 112 126 103 1 1 -1 0 0 0 0 0 48099 1641 121 103 112 
272701 47 200 27 122 1 1 447 0 0 0 0 0 48326 2249 7 122 200 
272702 281 289 195 3 1 1 141 0 0 0 0 0 48442 1609 181 3 289 
272703 274 45 43 14 1 1 1976 0 0 0 0 0 48949 2281 45 14 45 
272704 233 10213 1 -1 0 1 4618 0 0 0 0 0 49013 2256 -1 -1 10213 
272705 156 16271 -1 -1 1 -1 658 0 0 0 0 0 49041 2256 -1 -1 16271 
272706 141 586 586 231 1 1 414 0 0 0 0 0 49102 2249 360 231 586 
272707 141 586 586 231 1 1 -1 0 0 0 0 0 49103 2249 360 231 586 
272708 141 586 586 231 1 1 -1 0 0 0 0 0 49103 2249 360 231 586 
272709 141 586 586 231 1 1 -1 0 0 0 0 0 49104 2249 360 231 586 
272710 141 586 586 231 1 1 -1 0 0 0 0 0 49105 2249 360 231 586 
272711 141 586 586 231 1 1 -1 0 0 0 0 0 49105 2249 360 231 586 
272712 47 110 200 7 1 1 743 0 0 0 0 0 49179 2249 27 7 110 
272713 156 3 16271 -1 1 1 130 0 0 0 0 0 49195 2249 -1 -1 3 
272714 274 103 45 45 1 1 184 0 0 0 0 0 49236 2250 43 45 103 
272715 47 6 110 27 1 1 121 0 0 0 0 0 49306 2257 200 27 6 
272716 47 5 6 200 0 1 28 0 0 0 0 0 49339 2257 110 200 5 
272717 47 7 5 110 0 0 24 0 0 0 0 0 49370 2250 6 110 7 
272718 47 5 7 6 0 0 10 0 0 0 0 0 49385 2250 5 6 5 
272719 47 9 5 5 1 0 26 0 0 0 0 0 49420 2250 7 5 9 
272720 281 264 289 181 1 1 472 0 0 0 0 0 49438 2506 195 181 264 
272721 235 -1 -1 -1 -1 -1 -1 0 0 0 0 0 49494 2506 -1 -1 0 
272722 274 111 103 43 1 1 648 0 0 0 0 0 49995 1226 45 43 111 
272723 274 116 111 45 1 1 247 0 0 0 0 0 50358 1225 103 45 116 
272724 274 116 111 45 1 1 -1 282 282 1 282 7 50640 1232 103 45 116 
272725 47 120 9 7 1 1 1334 0 0 0 0 0 50874 1904 5 7 120 
272726 47 26 120 5 1 1 70 0 0 0 0 0 50970 1257 9 5 26 
272727 47 27 26 9 1 1 177 0 0 0 0 0 51174 1225 120 9 27 
272728 47 8 27 120 5 1 156 0 0 0 0 0 51338 1225 26 120 8 
272729 47 3 8 26 5 5 4 0 0 0 0 0 51345 1225 27 26 3 
272730 47 1 3 27 1 5 12 0 0 0 0 0 51358 1225 8 27 1 
272731 252 -1 -1 -1 -1 -1 -1 0 0 0 0 0 51382 1225 -1 -1 0 
272732 47 3 1 8 5 1 55 0 0 0 0 0 51416 1225 3 8 3 
272733 274 610 117 111 1 1 521 0 0 0 0 0 51489 1257 116 111 610 
272734 47 165 3 3 1 5 41 0 0 0 0 0 51622 1232 1 3 165 
272735 209 -1 -1 -1 -1 -1 -1 0 0 0 0 0 51721 1264 -1 -1 0 
272736 274 610 117 111 1 1 -1 299 299 1 299 7 51788 1232 116 111 610 
272737 141 69 130 106 1 1 774 0 0 0 0 0 51855 1239 120 106 69 
272738 141 69 130 106 1 1 -1 0 0 0 0 0 51856 1239 120 106 69 
272739 141 69 130 106 1 1 -1 0 0 0 0 0 51857 1239 120 106 69 
272740 141 69 130 106 1 1 -1 0 0 0 0 0 51857 1239 120 106 69 
272741 141 69 130 106 1 1 -1 0 0 0 0 0 51858 1239 120 106 69 
272742 141 69 130 106 1 1 -1 0 0 0 0 0 51859 1239 120 106 69 
272743 130 -1 -1 -1 -1 -1 -1 0 0 0 0 0 52049 1737 -1 -1 0 
272744 274 108 377 117 1 1 189 0 0 0 0 0 52085 1737 610 117 108 
272745 47 141 165 1 1 1 596 0 0 0 0 0 52359 2249 3 1 141 
272746 47 13 141 3 1 1 191 0 0 0 0 0 52563 1225 165 3 13 
272747 274 103 108 610 1 1 491 0 0 0 0 0 52679 1225 377 610 103 
272748 282 -1 -1 -1 -1 -1 -1 0 0 0 0 0 52773 1232 -1 -1 0 
272749 282 0 -1 -1 0 -1 89 0 0 0 0 0 52862 1225 -1 -1 0 
272750 47 28 13 165 1 1 470 0 0 0 0 0 53061 1225 141 165 28 
272751 47 2 28 141 0 1 22 0 0 0 0 0 53085 1225 13 141 2 
272752 282 54 0 -1 1 0 312 0 0 0 0 0 53228 1193 -1 -1 54 
272753 14 -1 -1 -1 -1 -1 -1 0 0 0 0 0 53694 1225 -1 -1 0 
272754 274 109 103 377 1 1 1275 0 0 0 0 0 54063 1225 108 377 109 
272755 47 34 2 13 0 0 1136 0 0 0 0 0 54255 3529 28 13 34 
272756 47 17 34 28 1 0 148 0 0 0 0 0 54420 3529 2 28 17 
272757 47 9 17 2 1 1 119 0 0 0 0 0 54548 3529 34 2 9 
272758 47 143 9 34 1 1 5 0 0 0 0 0 54696 3529 17 34 143 
272759 47 37 143 17 1 1 338 0 0 0 0 0 55071 3529 9 17 37 
272760 47 41 37 9 1 1 519 0 0 0 0 0 55631 1065 143 9 41 
272761 47 41 37 9 1 1 -1 94 94 1 94 256 55725 1321 143 9 41 
272762 79 -1 -1 -1 -1 -1 -1 0 0 0 0 0 55753 1065 -1 -1 0 
272763 31 1184 -1 -1 1 -1 6118 0 0 0 0 0 55765 1065 -1 -1 1184 
272764 47 101 0 37 1 1 60 0 0 0 0 0 55792 2345 41 37 101 
272765 235 -1 -1 -1 -1 -1 -1 0 0 0 0 0 55854 2089 -1 -1 0 
272766 47 26 101 41 1 1 121 0 0 0 0 0 55943 2089 0 41 26 
272767 47 26 101 41 1 1 -1 15 15 1 15 256 55958 2345 0 41 26 
272768 160 7188 7185 -1 1 1 514 0 0 0 0 0 56014 2345 -1 -1 7188 
272769 274 110 109 108 1 1 1898 0 0 0 0 0 56071 2473 103 108 110 
272770 235 -1 -1 -1 -1 -1 -1 0 0 0 0 0 56227 2217 -1 -1 0 
272771 235 -1 -1 -1 -1 -1 -1 0 0 0 0 0 56388 1193 -1 -1 0 
272772 274 111 110 103 1 1 317 0 0 0 0 0 56499 1193 109 103 111 
272773 274 163 111 109 1 1 22 0 0 0 0 0 56684 1193 110 109 163 
272774 128 -1 -1 -1 -1 -1 -1 0 0 0 0 0 56788 1417 -1 -1 0 
272775 31 467 1184 -1 1 1 941 0 0 0 0 0 57173 2217 -1 -1 467 
272776 141 205 150 160 1 1 4774 0 0 0 0 0 57221 2345 160 160 205 
272777 141 107 205 160 1 1 72 0 0 0 0 0 57401 2217 150 160 107 
272778 274 343 163 110 1 1 445 0 0 0 0 0 57472 2281 111 110 343 
272779 31 126 467 -1 1 1 179 0 0 0 0 0 57478 2282 1184 -1 126 
272780 31 126 467 -1 1 1 -1 32 32 1 32 32 57510 2314 1184 -1 126 
272781 274 343 163 110 1 1 -1 76 76 1 76 1 57548 2346 111 110 343 
272782 141 227 107 150 1 1 196 0 0 0 0 0 57825 2218 205 150 227 
272783 274 259 343 111 1 1 -1 362 362 1 362 1 57834 2218 163 111 259 
272784 141 227 107 150 1 1 -1 5 5 1 5 1 57857 2219 205 150 227 
272785 31 165 192 467 1 1 184 0 0 0 0 0 57859 2219 126 467 165 
272786 274 5 259 163 1 1 -1 388 388 1 388 1 57860 2251 343 163 5 
272787 141 227 107 150 1 1 -1 20 20 1 20 1 57872 2475 205 150 227 
272788 141 227 107 150 1 1 -1 46 48 3 16 3 57898 2477 205 150 227 
272789 31 165 192 467 1 1 -1 247 247 1 247 32 58106 2253 126 467 165 
272790 141 15 227 205 1 1 -1 285 765 3 255 3 58137 2317 107 205 15 
272791 31 165 192 467 1 1 -1 295 96 2 48 96 58154 2318 126 467 165 
272792 31 165 192 467 1 1 -1 345 150 3 50 224 58204 2446 126 467 165 
272793 31 165 192 467 1 1 -1 397 208 4 52 480 58256 2702 126 467 165 
272794 31 165 192 467 1 1 -1 439 210 5 42 992 58298 3213 126 467 165 
272795 141 436 436 15 0 0 -1 203 203 1 203 1 58355 4235 436 15 436 
272796 141 436 436 15 0 0 -1 282 144 2 72 2 58434 4228 436 15 436 
272797 261 -1 -1 -1 -1 -1 -1 0 0 0 0 0 58435 4228 -1 -1 0 
272798 141 130 336 436 1 0 -1 95 95 1 95 38 58547 4264 436 436 130 
272799 141 15 130 436 1 1 -1 182 182 1 182 38 58634 4264 336 436 15 
272800 261 6 -1 -1 1 -1 205 0 0 0 0 0 58646 4264 -1 -1 6 
272801 274 195 5 343 1 1 -1 1380 1380 1 1380 1 58852 4226 259 343 195 
272802 211 1190 -1 -1 1 -1 3557 0 0 0 0 0 58879 4450 -1 -1 1190 
272803 58 -1 -1 -1 -1 -1 -1 0 0 0 0 0 58933 4450 -1 -1 0 
272804 281 391 264 195 1 1 7905 0 0 0 0 0 59038 4226 289 195 391 
272805 261 7 6 -1 1 1 492 0 0 0 0 0 59145 4218 -1 -1 7 
272806 261 7 6 -1 1 1 -1 255 255 1 255 64 59400 3258 -1 -1 7 
272807 274 168 195 259 1 1 -1 1967 1967 1 1967 1 59439 3386 5 259 168 
272808 274 168 195 259 1 1 -1 2008 2008 1 2008 1 59480 3386 5 259 168 
272809 274 201 0 195 1 5 -1 2766 2766 1 2766 1 60238 4906 168 195 201 
272810 261 1200 1185 6 1 1 92 0 0 0 0 0 60692 4698 7 6 1200 
272811 47 174 102 101 1 1 4632 0 0 0 0 0 60852 4698 26 101 174 
272812 261 0 1200 7 5 1 17 0 0 0 0 0 60964 4690 1185 7 0 
272813 47 0 174 26 1 1 78 0 0 0 0 0 60967 4690 102 26 0 
272814 47 0 174 26 1 1 -1 34 34 1 34 256 61006 4946 102 26 0 
272815 261 0 1200 7 5 1 -1 0 0 0 0 0 61007 4946 1185 7 0 
272816 261 0 1200 7 5 1 -1 0 0 0 0 0 61031 4690 1185 7 0 
272817 261 0 0 1185 5 5 27 0 0 0 0 0 61128 4682 1200 1185 0 
272818 261 0 0 1185 5 5 -1 0 0 0 0 0 61227 4682 1200 1185 0 
272819 47 24 36 174 1 1 556 0 0 0 0 0 61612 4666 0 174 24 
272820 128 -1 -1 -1 -1 -1 -1 4849 4849 1 4849 1024 61651 4666 -1 -1 0 
272821 47 0 24 0 1 1 106 0 0 0 0 0 61792 4658 36 0 0 
272822 47 0 24 0 1 1 -1 0 0 0 0 0 62029 6402 36 0 0 
272823 281 22 391 289 1 1 2965 0 0 0 0 0 62039 6402 264 289 22 
272824 47 144 27 24 1 1 28 0 0 0 0 0 62216 5354 0 24 144 
272825 47 23 144 0 1 1 147 0 0 0 0 0 62386 5314 27 0 23 
272826 47 103 23 27 1 1 44 0 0 0 0 0 62533 5298 144 27 103 
272827 281 264 22 264 1 1 702 0 0 0 0 0 63018 5266 391 264 264 
272828 281 264 22 264 1 1 -1 168 168 1 168 32 63210 5290 391 264 264 
272829 281 66 226 22 1 1 272 0 0 0 0 0 63560 5098 264 22 66 
272830 47 36 103 144 1 1 1036 0 0 0 0 0 63605 5130 23 144 36 
272831 47 36 36 23 1 1 34 0 0 0 0 0 63675 5122 103 23 36 
272832 47 2 36 103 0 1 13 0 0 0 0 0 63690 5122 36 103 2 
272833 47 27 2 36 1 0 17 0 0 0 0 0 63734 5122 36 36 27 
272834 47 27 27 36 1 1 40 0 0 0 0 0 63801 5122 2 36 27 
272835 47 3 27 2 0 1 162 0 0 0 0 0 63966 5090 27 2 3 
272836 281 229 66 264 1 1 187 0 0 0 0 0 63998 5346 226 264 229 
272837 47 37 3 27 1 0 17 0 0 0 0 0 64020 5122 27 27 37 
272838 47 24 37 27 1 1 14 0 0 0 0 0 64058 5122 3 27 24 
272839 47 36 24 3 1 1 13 0 0 0 0 0 64107 5122 37 3 36 
272840 47 36 36 37 1 1 18 0 0 0 0 0 64161 5122 24 37 36 
272841 47 26 36 24 1 1 14 0 0 0 0 0 64201 5122 36 24 26 
272842 274 241 201 168 1 1 -1 6771 6771 1 6771 1 64243 4898 0 168 241 
272843 47 26 26 36 1 1 38 0 0 0 0 0 64265 5154 36 36 26 
272844 47 27 26 36 1 1 129 0 0 0 0 0 64421 4122 26 36 27 
272845 47 6 27 26 1 1 13 0 0 0 0 0 64440 4122 26 26 6 
272846 281 229 229 226 1 1 303 0 0 0 0 0 64534 4114 66 226 229 
272847 261 2220 2218 2171 1 1 319 0 0 0 0 0 64583 4146 2194 2171 2220 
272848 274 176 241 0 1 1 -1 7298 7298 1 7298 1 64770 4210 201 0 176 
272849 128 -1 -1 -1 -1 -1 -1 7990 7990 1 7990 1024 64792 6194 -1 -1 0 
272850 281 229 229 66 1 1 171 0 0 0 0 0 64942 6114 229 66 229 
272851 261 340 2220 2194 1 1 276 0 0 0 0 0 65199 4050 2218 2194 340 
272852 281 235 229 229 1 1 8 0 0 0 0 0 65205 4114 229 229 235 
272853 261 8 340 2218 1 1 161 0 0 0 0 0 65368 6162 2220 2218 8 
272854 271 -1 -1 -1 -1 -1 -1 0 0 0 0 0 65388 6162 -1 -1 0 
272855 261 8 340 2218 1 1 -1 0 0 0 0 0 65390 6162 2220 2218 8 
272856 261 8 340 2218 1 1 -1 0 0 0 0 0 65412 6162 2220 2218 8 
272857 261 8 340 2218 1 1 -1 0 0 0 0 0 65432 6194 2220 2218 8 
272858 281 232 235 229 1 1 210 0 0 0 0 0 65674 6146 229 229 232 
272859 281 231 232 229 1 1 95 0 0 0 0 0 66008 6122 235 229 231 
272860 281 0 231 235 0 1 14 0 0 0 0 0 66022 6122 232 235 0 
272861 261 9 8 7 1 1 1185 0 0 0 0 0 67779 3666 7 7 9 
272862 261 9 8 7 1 1 -1 37 37 1 37 64 67816 3722 7 7 9 
272863 261 9 8 7 1 1 -1 70 66 2 33 192 67849 3842 7 7 9 
272864 261 9 8 7 1 1 -1 95 75 3 25 448 67874 4090 7 7 9 
272865 261 9 8 7 1 1 -1 194 396 4 99 960 67973 4602 7 7 9 
272866 59 -1 -1 -1 -1 -1 -1 0 0 0 0 0 69058 5562 -1 -1 0 
272867 211 1191 1190 -1 1 1 6495 0 0 0 0 0 73038 3706 -1 -1 1191 
272868 270 -1 -1 -1 -1 -1 -1 0 0 0 0 0 76734 3378 -1 -1 0 
272869 270 -1 -1 -1 -1 -1 -1 79 79 1 79 32 76834 3410 -1 -1 0 
272870 271 -1 -1 -1 -1 -1 -1 12082 12082 1 12082 32 77494 3378 -1 -1 0 
272871 254 39251 38394 36509 1 1 94 0 0 0 0 0 78421 3362 36705 36509 39251 
272872 254 39251 38394 36509 1 1 -1 1 1 1 1 8 78422 3370 36705 36509 39251 
272873 254 39251 38394 36509 1 1 -1 1 1 1 1 8 78422 3370 36705 36509 39251 
272874 254 39251 38394 36509 1 1 -1 2 3 3 1 24 78423 3386 36705 36509 39251 
272875 254 39251 38394 36509 1 1 -1 3 4 4 1 32 78424 3394 36705 36509 39251 
272876 254 39251 38394 36509 1 1 -1 4 5 5 1 40 78425 3402 36705 36509 39251 
272877 254 39251 38394 36509 1 1 -1 4 5 5 1 40 78425 3402 36705 36509 39251 
272878 254 39251 38394 36509 1 1 -1 5 7 7 1 56 78426 3418 36705 36509 39251 
272879 254 39251 38394 36509 1 1 -1 6 8 8 1 64 78427 3426 36705 36509 39251 
272880 254 39251 38394 36509 1 1 -1 7 9 9 1 72 78428 3434 36705 36509 39251 
272881 254 39251 38394 36509 1 1 -1 7 9 9 1 72 78428 3434 36705 36509 39251 
272882 254 39251 38394 36509 1 1 -1 8 11 11 1 88 78429 3450 36705 36509 39251 
272883 254 39251 38394 36509 1 1 -1 9 12 12 1 96 78430 3458 36705 36509 39251 
272884 254 39251 38394 36509 1 1 -1 10 13 13 1 104 78431 3466 36705 36509 39251 
272885 254 39251 38394 36509 1 1 -1 10 13 13 1 104 78431 3466 36705 36509 39251 
272886 254 39251 38394 36509 1 1 -1 11 15 15 1 120 78432 3482 36705 36509 39251 
272887 254 39251 38394 36509 1 1 -1 12 16 16 1 128 78433 3490 36705 36509 39251 
272888 254 39251 38394 36509 1 1 -1 13 17 17 1 136 78434 3498 36705 36509 39251 
272889 254 39251 38394 36509 1 1 -1 14 18 18 1 144 78435 3506 36705 36509 39251 
272890 254 39251 38394 36509 1 1 -1 14 18 18 1 144 78435 3506 36705 36509 39251 
272891 254 39251 38394 36509 1 1 -1 15 20 20 1 160 78436 3522 36705 36509 39251 
272892 254 39251 38394 36509 1 1 -1 16 21 21 1 168 78437 3530 36705 36509 39251 
272893 254 39251 38394 36509 1 1 -1 17 22 22 1 176 78438 3538 36705 36509 39251 
272894 254 39251 38394 36509 1 1 -1 17 22 22 1 176 78438 3538 36705 36509 39251 
272895 254 39251 38394 36509 1 1 -1 18 24 24 1 192 78439 3554 36705 36509 39251 
272896 254 39251 38394 36509 1 1 -1 19 25 25 1 200 78440 3562 36705 36509 39251 
272897 254 39251 38394 36509 1 1 -1 20 26 26 1 208 78441 3570 36705 36509 39251 
272898 254 39251 38394 36509 1 1 -1 21 27 27 1 216 78442 3578 36705 36509 39251 
272899 254 39251 38394 36509 1 1 -1 21 27 27 1 216 78442 3578 36705 36509 39251 
272900 254 39251 38394 36509 1 1 -1 22 29 29 1 232 78443 3594 36705 36509 39251 
272901 254 39251 38394 36509 1 1 -1 23 30 30 1 240 78444 3602 36705 36509 39251 
272902 254 39251 38394 36509 1 1 -1 24 31 31 1 248 78445 3610 36705 36509 39251 
272903 254 39251 38394 36509 1 1 -1 24 31 31 1 248 78445 3610 36705 36509 39251 
272904 254 39251 38394 36509 1 1 -1 25 33 33 1 264 78446 3626 36705 36509 39251 
272905 254 39251 38394 36509 1 1 -1 26 34 34 1 272 78447 3634 36705 36509 39251 
272906 254 39251 38394 36509 1 1 -1 27 35 35 1 280 78448 3642 36705 36509 39251 
272907 254 39251 38394 36509 1 1 -1 27 35 35 1 280 78448 3642 36705 36509 39251 
272908 254 39251 38394 36509 1 1 -1 28 37 37 1 296 78449 3658 36705 36509 39251 
272909 254 39251 38394 36509 1 1 -1 29 38 38 1 304 78450 3666 36705 36509 39251 
272910 254 39251 38394 36509 1 1 -1 30 39 39 1 312 78451 3674 36705 36509 39251 
272911 254 39251 38394 36509 1 1 -1 31 40 40 1 320 78452 3682 36705 36509 39251 
272912 254 39251 38394 36509 1 1 -1 32 41 41 1 328 78453 3690 36705 36509 39251 
272913 254 39251 38394 36509 1 1 -1 32 41 41 1 328 78453 3690 36705 36509 39251 
272914 254 39251 38394 36509 1 1 -1 33 43 43 1 344 78454 3706 36705 36509 39251 
272915 254 39251 38394 36509 1 1 -1 34 44 44 1 352 78455 3714 36705 36509 39251 
272916 254 39251 38394 36509 1 1 -1 35 45 45 1 360 78456 3722 36705 36509 39251 
272917 254 39251 38394 36509 1 1 -1 36 46 46 1 368 78457 3730 36705 36509 39251 
272918 254 39251 38394 36509 1 1 -1 36 46 46 1 368 78457 3730 36705 36509 39251 
272919 254 39251 38394 36509 1 1 -1 37 48 48 1 384 78458 3746 36705 36509 39251 
272920 254 39251 38394 36509 1 1 -1 38 49 49 1 392 78459 3754 36705 36509 39251 
272921 254 39251 38394 36509 1 1 -1 39 50 50 1 400 78460 3762 36705 36509 39251 
272922 254 39251 38394 36509 1 1 -1 40 51 51 1 408 78461 3770 36705 36509 39251 
272923 254 39251 38394 36509 1 1 -1 41 52 52 1 416 78462 3778 36705 36509 39251 
272924 254 39251 38394 36509 1 1 -1 41 52 52 1 416 78462 3778 36705 36509 39251 
272925 254 39251 38394 36509 1 1 -1 42 54 54 1 432 78463 3794 36705 36509 39251 
272926 254 39251 38394 36509 1 1 -1 43 55 55 1 440 78464 3802 36705 36509 39251 
272927 254 39251 38394 36509 1 1 -1 44 56 56 1 448 78465 3810 36705 36509 39251 
272928 254 39251 38394 36509 1 1 -1 44 56 56 1 448 78465 3810 36705 36509 39251 
272929 254 39251 38394 36509 1 1 -1 45 58 58 1 464 78466 3826 36705 36509 39251 
272930 254 39251 38394 36509 1 1 -1 46 59 59 1 472 78467 3834 36705 36509 39251 
272931 254 39251 38394 36509 1 1 -1 47 60 60 1 480 78468 3842 36705 36509 39251 
272932 254 39251 38394 36509 1 1 -1 47 60 60 1 480 78468 3842 36705 36509 39251 
272933 254 39251 38394 36509 1 1 -1 48 62 62 1 496 78469 3858 36705 36509 39251 
272934 254 39251 38394 36509 1 1 -1 49 63 63 1 504 78470 3866 36705 36509 39251 
272935 254 39251 38394 36509 1 1 -1 50 64 64 1 512 78471 3874 36705 36509 39251 
272936 254 39251 38394 36509 1 1 -1 50 64 64 1 512 78471 3874 36705 36509 39251 
272937 254 39251 38394 36509 1 1 -1 51 66 66 1 528 78472 3890 36705 36509 39251 
272938 254 39251 38394 36509 1 1 -1 52 67 67 1 536 78473 3898 36705 36509 39251 
272939 254 39251 38394 36509 1 1 -1 53 68 68 1 544 78474 3906 36705 36509 39251 
272940 254 39251 38394 36509 1 1 -1 53 68 68 1 544 78474 3906 36705 36509 39251 
272941 254 39251 38394 36509 1 1 -1 54 70 70 1 560 78475 3922 36705 36509 39251 
272942 254 39251 38394 36509 1 1 -1 55 71 71 1 568 78476 3930 36705 36509 39251 
272943 254 39251 38394 36509 1 1 -1 56 72 72 1 576 78477 3938 36705 36509 39251 
272944 254 39251 38394 36509 1 1 -1 56 72 72 1 576 78477 3938 36705 36509 39251 
272945 254 39251 38394 36509 1 1 -1 57 74 74 1 592 78478 3954 36705 36509 39251 
272946 254 39251 38394 36509 1 1 -1 58 75 75 1 600 78479 3962 36705 36509 39251 
272947 254 39251 38394 36509 1 1 -1 58 75 75 1 600 78479 3962 36705 36509 39251 
272948 254 39251 38394 36509 1 1 -1 59 77 77 1 616 78480 3978 36705 36509 39251 
272949 254 39251 38394 36509 1 1 -1 60 78 78 1 624 78481 3986 36705 36509 39251 
272950 254 39251 38394 36509 1 1 -1 61 79 79 1 632 78482 3994 36705 36509 39251 
272951 254 39251 38394 36509 1 1 -1 62 80 80 1 640 78483 4002 36705 36509 39251 
272952 254 39251 38394 36509 1 1 -1 62 80 80 1 640 78483 4002 36705 36509 39251 
272953 254 39251 38394 36509 1 1 -1 63 82 82 1 656 78484 4018 36705 36509 39251 
272954 254 39251 38394 36509 1 1 -1 64 83 83 1 664 78485 4026 36705 36509 39251 
272955 254 39251 38394 36509 1 1 -1 65 84 84 1 672 78486 4034 36705 36509 39251 
272956 254 39251 38394 36509 1 1 -1 65 84 84 1 672 78486 4034 36705 36509 39251 
272957 254 39251 38394 36509 1 1 -1 66 86 86 1 688 78487 4050 36705 36509 39251 
272958 254 39251 38394 36509 1 1 -1 67 87 87 1 696 78488 4058 36705 36509 39251 
272959 254 39251 38394 36509 1 1 -1 67 87 87 1 696 78488 4058 36705 36509 39251 
272960 254 39251 38394 36509 1 1 -1 68 89 89 1 712 78489 4074 36705 36509 39251 
272961 254 39251 38394 36509 1 1 -1 69 90 90 1 720 78490 4082 36705 36509 39251 
272962 254 39251 38394 36509 1 1 -1 70 91 91 1 728 78491 4090 36705 36509 39251 
272963 254 39251 38394 36509 1 1 -1 70 91 91 1 728 78491 4090 36705 36509 39251 
272964 254 39251 38394 36509 1 1 -1 71 93 93 1 744 78492 4106 36705 36509 39251 
272965 254 39251 38394 36509 1 1 -1 72 94 94 1 752 78493 4114 36705 36509 39251 
272966 254 39251 38394 36509 1 1 -1 73 95 95 1 760 78494 4122 36705 36509 39251 
272967 254 39251 38394 36509 1 1 -1 73 95 95 1 760 78494 4122 36705 36509 39251 
272968 254 39251 38394 36509 1 1 -1 74 97 97 1 776 78495 4138 36705 36509 39251 
272969 254 39251 38394 36509 1 1 -1 75 98 98 1 784 78496 4146 36705 36509 39251 
272970 254 39251 38394 36509 1 1 -1 75 98 98 1 784 78496 4146 36705 36509 39251 
272971 270 113 113 -1 1 1 1824 0 0 0 0 0 78782 4162 -1 -1 113 
272972 270 117 113 -1 1 1 181 0 0 0 0 0 79093 4162 113 -1 117 
272973 270 118 117 113 1 1 1747 0 0 0 0 0 80960 4162 113 113 118 
272974 270 119 118 113 1 1 497 0 0 0 0 0 81601 4162 117 113 119 
272975 270 119 119 117 1 1 1702 0 0 0 0 0 83436 4162 118 117 119 
272976 270 120 119 118 1 1 589 0 0 0 0 0 84154 4162 119 118 120 
272977 257 -1 -1 -1 -1 -1 -1 0 0 0 0 0 90918 4161 -1 -1 0 
272978 34 -1 -1 -1 -1 -1 -1 0 0 0 0 0 108443 8721 -1 -1 0 
272979 51 37905 -1 -1 1 -1 34269 0 0 0 0 0 118686 8553 -1 -1 37905 
272980 50 -1 -1 -1 -1 -1 -1 0 0 0 0 0 118964 8553 -1 -1 0 
272981 254 40155 38644 36449 1 1 -1 41288 41288 1 41288 8 119775 8553 37007 36449 40155 
272982 254 40155 38644 36449 1 1 -1 41289 2 2 1 16 119776 8561 37007 36449 40155 
272983 254 40155 38644 36449 1 1 -1 41290 3 3 1 24 119777 8569 37007 36449 40155 
272984 254 40155 38644 36449 1 1 -1 41290 3 3 1 24 119777 8569 37007 36449 40155 
272985 254 40155 38644 36449 1 1 -1 41291 5 5 1 40 119778 8585 37007 36449 40155 
272986 254 40155 38644 36449 1 1 -1 41292 6 6 1 48 119779 8593 37007 36449 40155 
272987 254 40155 38644 36449 1 1 -1 41293 7 7 1 56 119780 8601 37007 36449 40155 
272988 254 40155 38644 36449 1 1 -1 41293 7 7 1 56 119780 8601 37007 36449 40155 
272989 254 40155 38644 36449 1 1 -1 41294 9 9 1 72 119781 8617 37007 36449 40155 
272990 254 40155 38644 36449 1 1 -1 41295 10 10 1 80 119782 8625 37007 36449 40155 
272991 254 40155 38644 36449 1 1 -1 41296 11 11 1 88 119783 8633 37007 36449 40155 
272992 254 40155 38644 36449 1 1 -1 41296 11 11 1 88 119783 8633 37007 36449 40155 
272993 254 40155 38644 36449 1 1 -1 41297 13 13 1 104 119784 8649 37007 36449 40155 
272994 254 40155 38644 36449 1 1 -1 41298 14 14 1 112 119785 8657 37007 36449 40155 
272995 254 40155 38644 36449 1 1 -1 41299 15 15 1 120 119786 8665 37007 36449 40155 
272996 254 40155 38644 36449 1 1 -1 41299 15 15 1 120 119786 8665 37007 36449 40155 
272997 254 40155 38644 36449 1 1 -1 41300 17 17 1 136 119787 8681 37007 36449 40155 
272998 254 40155 38644 36449 1 1 -1 41301 18 18 1 144 119788 8689 37007 36449 40155 
272999 254 40155 38644 36449 1 1 -1 41302 19 19 1 152 119789 8697 37007 36449 40155 
273000 254 40155 38644 36449 1 1 -1 41302 19 19 1 152 119789 8697 37007 36449 40155 
273001 254 40155 38644 36449 1 1 -1 41303 21 21 1 168 119790 8713 37007 36449 40155 
273002 254 40155 38644 36449 1 1 -1 41304 22 22 1 176 119791 8721 37007 36449 40155 
273003 254 40155 38644 36449 1 1 -1 41305 23 23 1 184 119792 8729 37007 36449 40155 
273004 254 40155 38644 36449 1 1 -1 41305 23 23 1 184 119792 8729 37007 36449 40155 
273005 254 40155 38644 36449 1 1 -1 41306 25 25 1 200 119793 8745 37007 36449 40155 
273006 254 40155 38644 36449 1 1 -1 41307 26 26 1 208 119794 8753 37007 36449 40155 
273007 254 40155 38644 36449 1 1 -1 41308 27 27 1 216 119795 8761 37007 36449 40155 
273008 254 40155 38644 36449 1 1 -1 41308 27 27 1 216 119795 8761 37007 36449 40155 
273009 254 40155 38644 36449 1 1 -1 41309 29 29 1 232 119796 8777 37007 36449 40155 
273010 254 40155 38644 36449 1 1 -1 41310 30 30 1 240 119797 8785 37007 36449 40155 
273011 254 40155 38644 36449 1 1 -1 41311 31 31 1 248 119798 8793 37007 36449 40155 
273012 254 40155 38644 36449 1 1 -1 41311 31 31 1 248 119798 8793 37007 36449 40155 
273013 254 40155 38644 36449 1 1 -1 41312 33 33 1 264 119799 8809 37007 36449 40155 
273014 254 40155 38644 36449 1 1 -1 41313 34 34 1 272 119800 8817 37007 36449 40155 
273015 254 40155 38644 36449 1 1 -1 41314 35 35 1 280 119801 8825 37007 36449 40155 
273016 254 40155 38644 36449 1 1 -1 41314 35 35 1 280 119801 8825 37007 36449 40155 
273017 254 40155 38644 36449 1 1 -1 41315 37 37 1 296 119802 8841 37007 36449 40155 
273018 254 40155 38644 36449 1 1 -1 41316 38 38 1 304 119803 8849 37007 36449 40155 
273019 254 40155 38644 36449 1 1 -1 41317 39 39 1 312 119804 8857 37007 36449 40155 
273020 254 40155 38644 36449 1 1 -1 41317 39 39 1 312 119804 8857 37007 36449 40155 
273021 254 40155 38644 36449 1 1 -1 41318 41 41 1 328 119805 8873 37007 36449 40155 
273022 254 40155 38644 36449 1 1 -1 41319 42 42 1 336 119806 8881 37007 36449 40155 
273023 254 40155 38644 36449 1 1 -1 41320 43 43 1 344 119807 8889 37007 36449 40155 
273024 254 40155 38644 36449 1 1 -1 41320 43 43 1 344 119807 8889 37007 36449 40155 
273025 254 40155 38644 36449 1 1 -1 41321 45 45 1 360 119808 8905 37007 36449 40155 
273026 254 40155 38644 36449 1 1 -1 41322 46 46 1 368 119809 8913 37007 36449 40155 
273027 254 40155 38644 36449 1 1 -1 41323 47 47 1 376 119810 8921 37007 36449 40155 
273028 254 40155 38644 36449 1 1 -1 41323 47 47 1 376 119810 8921 37007 36449 40155 
273029 254 40155 38644 36449 1 1 -1 41324 49 49 1 392 119811 8937 37007 36449 40155 
273030 254 40155 38644 36449 1 1 -1 41325 50 50 1 400 119812 8945 37007 36449 40155 
273031 254 40155 38644 36449 1 1 -1 41326 51 51 1 408 119813 8953 37007 36449 40155 
273032 254 40155 38644 36449 1 1 -1 41326 51 51 1 408 119813 8953 37007 36449 40155 
273033 254 40155 38644 36449 1 1 -1 41327 53 53 1 424 119814 8969 37007 36449 40155 
273034 254 40155 38644 36449 1 1 -1 41328 54 54 1 432 119815 8977 37007 36449 40155 
273035 254 40155 38644 36449 1 1 -1 41328 54 54 1 432 119815 8977 37007 36449 40155 
273036 254 40155 38644 36449 1 1 -1 41329 56 56 1 448 119816 8993 37007 36449 40155 
273037 254 40155 38644 36449 1 1 -1 41330 57 57 1 456 119817 9001 37007 36449 40155 
273038 254 40155 38644 36449 1 1 -1 41331 58 58 1 464 119818 9009 37007 36449 40155 
273039 254 40155 38644 36449 1 1 -1 41331 58 58 1 464 119818 9009 37007 36449 40155 
273040 254 40155 38644 36449 1 1 -1 41332 60 60 1 480 119819 9025 37007 36449 40155 
273041 254 40155 38644 36449 1 1 -1 41333 61 61 1 488 119820 9033 37007 36449 40155 
273042 254 40155 38644 36449 1 1 -1 41334 62 62 1 496 119821 9041 37007 36449 40155 
273043 254 40155 38644 36449 1 1 -1 41334 62 62 1 496 119821 9041 37007 36449 40155 
273044 254 40155 38644 36449 1 1 -1 41335 64 64 1 512 119822 9057 37007 36449 40155 
273045 254 40155 38644 36449 1 1 -1 41336 65 65 1 520 119823 9065 37007 36449 40155 
273046 254 40155 38644 36449 1 1 -1 41337 66 66 1 528 119824 9073 37007 36449 40155 
273047 254 40155 38644 36449 1 1 -1 41337 66 66 1 528 119824 9073 37007 36449 40155 
273048 254 40155 38644 36449 1 1 -1 41338 68 68 1 544 119825 9089 37007 36449 40155 
273049 254 40155 38644 36449 1 1 -1 41339 69 69 1 552 119826 9097 37007 36449 40155 
273050 254 40155 38644 36449 1 1 -1 41340 70 70 1 560 119827 9105 37007 36449 40155 
273051 254 40155 38644 36449 1 1 -1 41340 70 70 1 560 119827 9105 37007 36449 40155 
273052 254 40155 38644 36449 1 1 -1 41341 72 72 1 576 119828 9121 37007 36449 40155 
273053 254 40155 38644 36449 1 1 -1 41342 73 73 1 584 119829 9129 37007 36449 40155 
273054 254 40155 38644 36449 1 1 -1 41342 73 73 1 584 119829 9129 37007 36449 40155 
273055 254 40155 38644 36449 1 1 -1 41343 75 75 1 600 119830 9145 37007 36449 40155 
273056 254 40155 38644 36449 1 1 -1 41344 76 76 1 608 119831 9153 37007 36449 40155 
273057 254 40155 38644 36449 1 1 -1 41345 77 77 1 616 119832 9161 37007 36449 40155 
273058 254 40155 38644 36449 1 1 -1 41345 77 77 1 616 119832 9161 37007 36449 40155 
273059 254 40155 38644 36449 1 1 -1 41346 79 79 1 632 119833 9177 37007 36449 40155 
273060 254 40155 38644 36449 1 1 -1 41347 80 80 1 640 119834 9185 37007 36449 40155 
273061 254 40155 38644 36449 1 1 -1 41348 81 81 1 648 119835 9193 37007 36449 40155 
273062 254 40155 38644 36449 1 1 -1 41348 81 81 1 648 119835 9193 37007 36449 40155 
273063 254 40155 38644 36449 1 1 -1 41349 83 83 1 664 119836 9209 37007 36449 40155 
273064 254 40155 38644 36449 1 1 -1 41350 84 84 1 672 119837 9217 37007 36449 40155 
273065 254 40155 38644 36449 1 1 -1 41351 85 85 1 680 119838 9225 37007 36449 40155 
273066 254 40155 38644 36449 1 1 -1 41351 85 85 1 680 119838 9225 37007 36449 40155 
273067 254 40155 38644 36449 1 1 -1 41352 87 87 1 696 119839 9241 37007 36449 40155 
273068 254 40155 38644 36449 1 1 -1 41353 88 88 1 704 119840 9249 37007 36449 40155 
273069 254 40155 38644 36449 1 1 -1 41354 89 89 1 712 119841 9257 37007 36449 40155 
273070 254 40155 38644 36449 1 1 -1 41354 89 89 1 712 119841 9257 37007 36449 40155 
273071 254 40155 38644 36449 1 1 -1 41355 91 91 1 728 119842 9273 37007 36449 40155 
273072 254 40155 38644 36449 1 1 -1 41356 92 92 1 736 119843 9281 37007 36449 40155 
273073 254 40155 38644 36449 1 1 -1 41357 93 93 1 744 119844 9289 37007 36449 40155 
273074 254 40155 38644 36449 1 1 -1 41358 94 94 1 752 119845 9297 37007 36449 40155 
273075 254 40155 38644 36449 1 1 -1 41358 94 94 1 752 119845 9297 37007 36449 40155 
273076 254 40155 38644 36449 1 1 -1 41359 96 96 1 768 119846 9313 37007 36449 40155 
273077 254 40155 38644 36449 1 1 -1 41360 97 97 1 776 119847 9321 37007 36449 40155 
273078 254 40155 38644 36449 1 1 -1 41361 98 98 1 784 119848 9329 37007 36449 40155 
273079 254 40155 38644 36449 1 1 -1 41361 98 98 1 784 119848 9329 37007 36449 40155 
273080 254 40155 38644 36449 1 1 -1 41362 100 100 1 800 119849 9345 37007 36449 40155 
273081 245 -1 -1 -1 -1 -1 -1 0 0 0 0 0 134016 5249 -1 -1 0 
273082 204 -1 -1 -1 -1 -1 -1 0 0 0 0 0 138497 5729 -1 -1 0 
273083 21 -1 -1 -1 -1 -1 -1 0 0 0 0 0 145343 5488 -1 -1 0 
273084 254 29636 29370 29299 1 1 -1 29737 800928 27 29664 216 149513 5145 29342 29299 29636 
273085 254 29636 29370 29299 1 1 -1 29738 28 28 1 224 149514 5153 29342 29299 29636 
273086 254 29636 29370 29299 1 1 -1 29739 29 29 1 232 149515 5161 29342 29299 29636 
273087 254 29636 29370 29299 1 1 -1 29739 29 29 1 232 149515 5161 29342 29299 29636 
273088 254 29636 29370 29299 1 1 -1 29740 31 31 1 248 149516 5177 29342 29299 29636 
273089 254 29636 29370 29299 1 1 -1 29741 32 32 1 256 149517 5185 29342 29299 29636 
273090 254 29636 29370 29299 1 1 -1 29742 33 33 1 264 149518 5193 29342 29299 29636 
273091 254 29636 29370 29299 1 1 -1 29742 33 33 1 264 149518 5193 29342 29299 29636 
273092 254 29636 29370 29299 1 1 -1 29743 35 35 1 280 149519 5209 29342 29299 29636 
273093 254 29636 29370 29299 1 1 -1 29744 36 36 1 288 149520 5217 29342 29299 29636 
273094 254 29636 29370 29299 1 1 -1 29745 37 37 1 296 149521 5225 29342 29299 29636 
273095 254 29636 29370 29299 1 1 -1 29745 37 37 1 296 149521 5225 29342 29299 29636 
273096 254 29636 29370 29299 1 1 -1 29746 39 39 1 312 149522 5241 29342 29299 29636 
273097 254 29636 29370 29299 1 1 -1 29747 40 40 1 320 149523 5249 29342 29299 29636 
273098 254 29636 29370 29299 1 1 -1 29748 41 41 1 328 149524 5257 29342 29299 29636 
273099 254 29636 29370 29299 1 1 -1 29748 41 41 1 328 149524 5257 29342 29299 29636 
273100 254 29636 29370 29299 1 1 -1 29749 43 43 1 344 149525 5273 29342 29299 29636 
273101 254 29636 29370 29299 1 1 -1 29750 44 44 1 352 149526 5281 29342 29299 29636 
273102 254 29636 29370 29299 1 1 -1 29751 45 45 1 360 149527 5289 29342 29299 29636 
273103 254 29636 29370 29299 1 1 -1 29751 45 45 1 360 149527 5289 29342 29299 29636 
273104 254 29636 29370 29299 1 1 -1 29752 47 47 1 376 149528 5305 29342 29299 29636 
273105 254 29636 29370 29299 1 1 -1 29753 48 48 1 384 149529 5313 29342 29299 29636 
273106 254 29636 29370 29299 1 1 -1 29754 49 49 1 392 149530 5321 29342 29299 29636 
273107 254 29636 29370 29299 1 1 -1 29754 49 49 1 392 149530 5321 29342 29299 29636 
273108 254 29636 29370 29299 1 1 -1 29755 51 51 1 408 149531 5337 29342 29299 29636 
273109 254 29636 29370 29299 1 1 -1 29756 52 52 1 416 149532 5345 29342 29299 29636 
273110 254 29636 29370 29299 1 1 -1 29757 53 53 1 424 149533 5353 29342 29299 29636 
273111 254 29636 29370 29299 1 1 -1 29757 53 53 1 424 149533 5353 29342 29299 29636 
273112 254 29636 29370 29299 1 1 -1 29758 55 55 1 440 149534 5369 29342 29299 29636 
273113 254 29636 29370 29299 1 1 -1 29759 56 56 1 448 149535 5377 29342 29299 29636 
273114 254 29636 29370 29299 1 1 -1 29760 57 57 1 456 149536 5385 29342 29299 29636 
273115 254 29636 29370 29299 1 1 -1 29760 57 57 1 456 149536 5385 29342 29299 29636 
273116 254 29636 29370 29299 1 1 -1 29761 59 59 1 472 149537 5401 29342 29299 29636 
273117 254 29636 29370 29299 1 1 -1 29762 60 60 1 480 149538 5409 29342 29299 29636 
273118 254 29636 29370 29299 1 1 -1 29763 61 61 1 488 149539 5417 29342 29299 29636 
273119 254 29636 29370 29299 1 1 -1 29763 61 61 1 488 149539 5417 29342 29299 29636 
273120 254 29636 29370 29299 1 1 -1 29764 63 63 1 504 149540 5433 29342 29299 29636 
273121 254 29636 29370 29299 1 1 -1 29765 64 64 1 512 149541 5441 29342 29299 29636 
273122 254 29636 29370 29299 1 1 -1 29766 65 65 1 520 149542 5449 29342 29299 29636 
273123 254 29636 29370 29299 1 1 -1 29766 65 65 1 520 149542 5449 29342 29299 29636 
273124 254 29636 29370 29299 1 1 -1 29767 67 67 1 536 149543 5465 29342 29299 29636 
273125 254 29636 29370 29299 1 1 -1 29768 68 68 1 544 149544 5473 29342 29299 29636 
273126 254 29636 29370 29299 1 1 -1 29769 69 69 1 552 149545 5481 29342 29299 29636 
273127 254 29636 29370 29299 1 1 -1 29769 69 69 1 552 149545 5481 29342 29299 29636 
273128 254 29636 29370 29299 1 1 -1 29770 71 71 1 568 149546 5497 29342 29299 29636 
273129 254 29636 29370 29299 1 1 -1 29771 72 72 1 576 149547 5505 29342 29299 29636 
273130 254 29636 29370 29299 1 1 -1 29772 73 73 1 584 149548 5513 29342 29299 29636 
273131 254 29636 29370 29299 1 1 -1 29772 73 73 1 584 149548 5513 29342 29299 29636 
273132 254 29636 29370 29299 1 1 -1 29773 75 75 1 600 149549 5529 29342 29299 29636 
273133 254 29636 29370 29299 1 1 -1 29774 76 76 1 608 149550 5537 29342 29299 29636 
273134 254 29636 29370 29299 1 1 -1 29775 77 77 1 616 149551 5545 29342 29299 29636 
273135 254 29636 29370 29299 1 1 -1 29775 77 77 1 616 149551 5545 29342 29299 29636 
273136 254 29636 29370 29299 1 1 -1 29776 79 79 1 632 149552 5561 29342 29299 29636 
273137 254 29636 29370 29299 1 1 -1 29777 80 80 1 640 149553 5569 29342 29299 29636 
273138 254 29636 29370 29299 1 1 -1 29777 80 80 1 640 149553 5569 29342 29299 29636 
273139 254 29636 29370 29299 1 1 -1 29778 82 82 1 656 149554 5585 29342 29299 29636 
273140 254 29636 29370 29299 1 1 -1 29779 83 83 1 664 149555 5593 29342 29299 29636 
273141 254 29636 29370 29299 1 1 -1 29780 84 84 1 672 149556 5601 29342 29299 29636 
273142 254 29636 29370 29299 1 1 -1 29780 84 84 1 672 149556 5601 29342 29299 29636 
273143 254 29636 29370 29299 1 1 -1 29781 86 86 1 688 149557 5617 29342 29299 29636 
273144 254 29636 29370 29299 1 1 -1 29782 87 87 1 696 149558 5625 29342 29299 29636 
273145 254 29636 29370 29299 1 1 -1 29783 88 88 1 704 149559 5633 29342 29299 29636 
273146 254 29636 29370 29299 1 1 -1 29783 88 88 1 704 149559 5633 29342 29299 29636 
273147 254 29636 29370 29299 1 1 -1 29784 90 90 1 720 149560 5649 29342 29299 29636 
273148 254 29636 29370 29299 1 1 -1 29785 91 91 1 728 149561 5657 29342 29299 29636 
273149 254 29636 29370 29299 1 1 -1 29786 92 92 1 736 149562 5665 29342 29299 29636 
273150 254 29636 29370 29299 1 1 -1 29786 92 92 1 736 149562 5665 29342 29299 29636 
273151 254 29636 29370 29299 1 1 -1 29787 94 94 1 752 149563 5681 29342 29299 29636 
273152 254 29636 29370 29299 1 1 -1 29788 95 95 1 760 149564 5689 29342 29299 29636 
273153 254 29636 29370 29299 1 1 -1 29788 95 95 1 760 149564 5689 29342 29299 29636 
273154 254 29636 29370 29299 1 1 -1 29789 97 97 1 776 149565 5705 29342 29299 29636 
273155 254 29636 29370 29299 1 1 -1 29790 98 98 1 784 149566 5713 29342 29299 29636 
273156 254 29636 29370 29299 1 1 -1 29791 99 99 1 792 149567 5721 29342 29299 29636 
273157 254 29636 29370 29299 1 1 -1 29791 99 99 1 792 149567 5721 29342 29299 29636 
273158 254 29636 29370 29299 1 1 -1 29792 101 101 1 808 149568 5737 29342 29299 29636 
273159 254 29636 29370 29299 1 1 -1 29793 102 102 1 816 149569 5745 29342 29299 29636 
273160 254 29636 29370 29299 1 1 -1 29794 103 103 1 824 149570 5753 29342 29299 29636 
273161 254 29636 29370 29299 1 1 -1 29794 103 103 1 824 149570 5753 29342 29299 29636 
273162 254 29636 29370 29299 1 1 -1 29795 105 105 1 840 149571 5769 29342 29299 29636 
273163 254 29636 29370 29299 1 1 -1 29796 106 106 1 848 149572 5777 29342 29299 29636 
273164 254 29636 29370 29299 1 1 -1 29797 107 107 1 856 149573 5785 29342 29299 29636 
273165 254 29636 29370 29299 1 1 -1 29797 107 107 1 856 149573 5785 29342 29299 29636 
273166 254 29636 29370 29299 1 1 -1 29798 109 109 1 872 149574 5801 29342 29299 29636 
273167 254 29636 29370 29299 1 1 -1 29799 110 110 1 880 149575 5809 29342 29299 29636 
273168 254 29636 29370 29299 1 1 -1 29800 111 111 1 888 149576 5817 29342 29299 29636 
273169 254 29636 29370 29299 1 1 -1 29800 111 111 1 888 149576 5817 29342 29299 29636 
273170 254 29636 29370 29299 1 1 -1 29801 113 113 1 904 149577 5833 29342 29299 29636 
273171 254 29636 29370 29299 1 1 -1 29802 114 114 1 912 149578 5841 29342 29299 29636 
273172 254 29636 29370 29299 1 1 -1 29802 114 114 1 912 149578 5841 29342 29299 29636 
273173 254 29636 29370 29299 1 1 -1 29803 115 115 1 920 149579 5849 29342 29299 29636 
273174 254 29636 29370 29299 1 1 -1 29804 117 117 1 936 149580 5865 29342 29299 29636 
273175 254 29636 29370 29299 1 1 -1 29805 118 118 1 944 149581 5873 29342 29299 29636 
273176 254 29636 29370 29299 1 1 -1 29806 119 119 1 952 149582 5881 29342 29299 29636 
273177 254 29636 29370 29299 1 1 -1 29806 119 119 1 952 149582 5881 29342 29299 29636 
273178 254 29636 29370 29299 1 1 -1 29807 121 121 1 968 149583 5897 29342 29299 29636 
273179 254 29636 29370 29299 1 1 -1 29808 122 122 1 976 149584 5905 29342 29299 29636 
273180 254 29636 29370 29299 1 1 -1 29809 123 123 1 984 149585 5913 29342 29299 29636 
273181 254 29636 29370 29299 1 1 -1 29809 123 123 1 984 149585 5913 29342 29299 29636 
273182 254 29636 29370 29299 1 1 -1 29810 125 125 1 1000 149586 5929 29342 29299 29636 
273183 254 29636 29370 29299 1 1 -1 29811 126 126 1 1008 149587 5937 29342 29299 29636 
273184 204 -1 -1 -1 -1 -1 -1 2 2 1 2 128 156797 5416 -1 -1 0 
273185 59 -1 -1 -1 -1 -1 -1 54939 54939 1 54939 64 158484 5392 -1 -1 0 
273186 204 -1 -1 -1 -1 -1 -1 36392 4 2 2 256 193187 3136 -1 -1 0 
273187 257 -1 -1 -1 -1 -1 -1 72516 72516 1 72516 1024 193341 3136 -1 -1 0 
273188 204 -1 -1 -1 -1 -1 -1 36571 3 3 1 384 193366 2240 -1 -1 0 
273189 59 54940 -1 -1 1 -1 54142 54122 54122 1 54122 64 212627 960 -1 -1 54940 
273190 254 41552 40334 37475 1 1 28373 0 0 0 0 0 219500 896 38043 37475 41552 
273191 254 41552 40334 37475 1 1 -1 1 1 1 1 8 219501 904 38043 37475 41552 
273192 254 41552 40334 37475 1 1 -1 2 2 2 1 16 219502 912 38043 37475 41552 
273193 254 41552 40334 37475 1 1 -1 3 3 3 1 24 219503 920 38043 37475 41552 
273194 254 41552 40334 37475 1 1 -1 3 3 3 1 24 219503 920 38043 37475 41552 
273195 254 41552 40334 37475 1 1 -1 4 5 5 1 40 219504 936 38043 37475 41552 
273196 254 41552 40334 37475 1 1 -1 5 6 6 1 48 219505 944 38043 37475 41552 
273197 254 41552 40334 37475 1 1 -1 6 7 7 1 56 219506 952 38043 37475 41552 
273198 254 41552 40334 37475 1 1 -1 6 7 7 1 56 219506 952 38043 37475 41552 
273199 254 41552 40334 37475 1 1 -1 7 9 9 1 72 219507 968 38043 37475 41552 
273200 21 7785 -1 -1 1 -1 65148 0 0 0 0 0 219768 976 -1 -1 7785 
273201 261 7187 4744 2886 1 1 147673 0 0 0 0 0 222709 977 3295 2886 7187 
273202 261 7 7187 3295 1 1 103 0 0 0 0 0 222819 977 4744 3295 7 
273203 271 72986 8 -1 1 1 84623 0 0 0 0 0 223021 976 -1 -1 72986 
273204 261 7 7 4744 1 1 318 0 0 0 0 0 223144 1008 7187 4744 7 
273205 271 72986 8 -1 1 1 -1 178 178 1 178 32 223213 1072 -1 -1 72986 
273206 261 72 7 7187 1 1 85 0 0 0 0 0 223301 1008 7 7187 72 
273207 261 7 72 7 1 1 80 0 0 0 0 0 223388 1008 7 7 7 
273208 261 7 7 7 1 1 59 0 0 0 0 0 223454 1008 72 7 7 
273209 209 86020 -1 -1 1 -1 27845 0 0 0 0 0 234684 1008 -1 -1 86020 
273210 209 86020 -1 -1 1 -1 -1 0 0 0 0 0 234867 1000 -1 -1 86020 
273211 257 72518 -1 -1 1 -1 48900 0 0 0 0 0 242243 928 -1 -1 72518 
273212 2 -1 -1 -1 -1 -1 -1 0 0 0 0 0 378149 0 -1 -1 0 
273213 2 2 -1 -1 1 -1 76 0 0 0 0 0 378227 0 -1 -1 2 
273214 2 2 -1 -1 1 -1 -1 0 0 0 0 0 379970 0 -1 -1 2 
273215 12 -1 -1 -1 -1 -1 -1 0 0 0 0 0 380731 0 -1 -1 0 
273216 12 0 -1 -1 1 -1 10 0 0 0 0 0 380772 0 -1 -1 0 
273217 12 0 0 -1 1 1 4 0 0 0 0 0 380807 0 -1 -1 0 
273218 12 0 0 -1 1 1 64 0 0 0 0 0 380917 0 0 -1 0 
273219 12 0 0 0 5 1 10 0 0 0 0 0 380936 0 0 0 0 
273221 12 0 0 0 5 5 235 0 0 0 0 0 381336 0 0 0 0 
273222 12 0 0 0 5 5 511 0 0 0 0 0 381849 0 0 0 0 
273223 12 2 0 0 1 5 4 0 0 0 0 0 381859 0 0 0 2 
273224 12 0 2 0 5 1 1 0 0 0 0 0 381896 0 0 0 0 
273225 12 0 0 0 5 5 2669 0 0 0 0 0 384575 0 2 0 0 
273226 2 0 0 -1 5 5 2678 0 0 0 0 0 384601 0 2 -1 0 
273227 2 2 0 2 1 5 346 0 0 0 0 0 384949 0 0 2 2 
273228 2 31 2 0 1 1 83 0 0 0 0 0 385063 0 0 0 31 
273229 2 26 31 0 1 1 249 0 0 0 0 0 385338 0 2 0 26 
273230 2 105 26 2 1 1 112 0 0 0 0 0 385555 0 31 2 105 
273231 2 2 105 31 0 1 137 0 0 0 0 0 385694 0 26 31 2 
273232 2 18 2 26 0 0 49 0 0 0 0 0 385761 0 105 26 18 
273233 31 7187 7174 3596 1 1 324605 0 0 0 0 0 389946 0 7390 3596 7187 
273234 31 0 7187 7390 0 1 352 0 0 0 0 0 390298 0 7174 7390 0 
273235 31 0 0 7174 0 0 15 0 0 0 0 0 390313 0 7187 7174 0 
273236 31 0 0 7187 0 0 68 0 0 0 0 0 390381 0 0 7187 0 
273237 31 0 0 0 0 0 8 0 0 0 0 0 390389 0 0 0 0 
273238 31 0 0 0 0 0 5 0 0 0 0 0 390394 0 0 0 0 
273239 31 0 0 0 0 0 8 0 0 0 0 0 390402 0 0 0 0 
273240 31 9 0 0 1 0 21 0 0 0 0 0 390432 0 0 0 9 
273241 31 2 9 0 1 1 3 0 0 0 0 0 390437 0 0 0 2 
273242 31 0 2 0 0 1 81 0 0 0 0 0 390518 0 9 0 0 
273243 31 0 2 0 0 1 -1 5 5 1 5 8 390523 8 9 0 0 
273244 31 6 0 2 1 0 16 0 0 0 0 0 390540 0 0 2 6 
273245 31 0 6 0 0 1 37 0 0 0 0 0 390577 0 0 0 0 
273246 31 0 0 0 0 0 6 0 0 0 0 0 390583 0 6 0 0 
273247 31 0 0 0 0 0 -1 5 5 1 5 16 390588 16 6 0 0 
273248 31 0 0 0 0 0 -1 17 24 2 12 516 390600 516 6 0 0 
273249 31 28 23 0 1 1 4 0 0 0 0 0 390620 0 0 0 28 
273250 31 0 28 0 0 1 5 0 0 0 0 0 390625 0 23 0 0 
273251 36 -1 -1 -1 -1 -1 -1 0 0 0 0 0 390646 0 -1 -1 0 
273252 31 17 0 23 1 0 44 0 0 0 0 0 390686 11200 28 23 17 
273253 231 -1 -1 -1 -1 -1 -1 0 0 0 0 0 390824 0 -1 -1 0 
273254 36 59 -1 -1 1 -1 134 0 0 0 0 0 390839 4832 -1 -1 59 
273255 31 17 11 0 1 1 164 0 0 0 0 0 390893 0 17 0 17 
273256 31 0 17 17 0 1 24 0 0 0 0 0 390917 0 11 17 0 
273257 36 31 59 -1 1 1 115 0 0 0 0 0 390985 0 -1 -1 31 
273258 31 7 0 11 1 0 192 0 0 0 0 0 391116 0 17 11 7 
273259 231 25 -1 -1 1 -1 273 0 0 0 0 0 391122 0 -1 -1 25 
273260 31 0 7 17 0 1 18 0 0 0 0 0 391134 32 0 17 0 
273261 31 0 0 0 0 0 20 0 0 0 0 0 391154 32 7 0 0 
273262 31 0 0 7 0 0 14 0 0 0 0 0 391168 32 0 7 0 
273263 31 10 0 0 1 0 48 0 0 0 0 0 391226 32 0 0 10 
273264 31 0 10 0 0 1 17 0 0 0 0 0 391243 32 0 0 0 
273265 31 0 0 0 0 0 23 0 0 0 0 0 391266 32 10 0 0 
273266 31 0 0 10 0 0 5 0 0 0 0 0 391271 32 0 10 0 
273267 231 25 -1 -1 1 -1 -1 180 180 1 180 32 391302 32 -1 -1 25 
273268 231 182 25 -1 1 1 -1 166 166 1 166 2 391468 2 -1 -1 182 
273269 36 47 31 -1 1 1 470 0 0 0 0 0 391502 64 59 -1 47 
273270 31 8 0 0 1 0 376 0 0 0 0 0 391655 64 0 0 8 
273271 31 81 8 0 1 1 2 0 0 0 0 0 391738 64 0 0 81 
273272 31 0 81 0 0 1 10 0 0 0 0 0 391748 64 8 0 0 
273273 31 0 0 8 0 0 35 0 0 0 0 0 391783 64 81 8 0 
273274 36 86 47 59 1 1 238 0 0 0 0 0 391826 64 31 59 86 
273275 31 0 0 81 0 0 68 0 0 0 0 0 391851 96 0 81 0 
273276 31 0 0 81 0 0 -1 1 1 1 1 8 391852 104 0 81 0 
273277 31 0 0 81 0 0 -1 2 2 2 1 16 391853 112 0 81 0 
273278 36 86 47 59 1 1 -1 99 99 1 99 32 391925 128 31 59 86 
273279 31 0 0 81 0 0 -1 78 228 3 76 32 391929 98 0 81 0 
273280 36 100 86 31 1 1 -1 160 160 1 160 2 392085 82 47 31 100 
273281 31 177 64 0 1 1 -1 256 256 1 256 16 392109 144 109 0 177 
273282 31 0 177 109 0 1 -1 295 295 1 295 16 392148 144 64 109 0 
273283 36 161 100 47 1 1 -1 170 170 1 170 64 392255 144 86 47 161 
273284 36 161 100 47 1 1 -1 171 2 2 1 96 392256 176 86 47 161 
273285 36 161 100 47 1 1 -1 171 2 2 1 96 392256 176 86 47 161 
273286 36 161 100 47 1 1 -1 172 4 4 1 256 392257 336 86 47 161 
273287 36 161 100 47 1 1 -1 172 4 4 1 256 392257 336 86 47 161 
273288 36 161 100 47 1 1 -1 173 6 6 1 320 392258 400 86 47 161 
273289 36 161 100 47 1 1 -1 173 6 6 1 320 392258 400 86 47 161 
273290 36 161 100 47 1 1 -1 174 8 8 1 2496 392259 2576 86 47 161 
273291 31 0 0 64 0 0 -1 431 431 1 431 16 392284 4624 177 64 0 
273292 31 0 0 64 0 0 -1 439 16 2 8 17 392292 4625 177 64 0 
273293 31 14 0 0 1 0 -1 463 463 1 463 16 392316 4624 0 0 14 
273294 36 161 100 47 1 1 -1 298 1116 9 124 4544 392383 4624 86 47 161 
273295 36 161 100 47 1 1 -1 302 40 10 4 4576 392387 4656 86 47 161 
273296 36 161 100 47 1 1 -1 310 88 11 8 4608 392395 4688 86 47 161 
273297 31 0 14 0 0 1 -1 546 546 1 546 16 392399 4816 0 0 0 
273298 31 18 0 0 1 0 -1 587 587 1 587 16 392440 4816 14 0 18 
273299 30 -1 -1 -1 -1 -1 -1 0 0 0 0 0 392492 4752 -1 -1 0 
273300 31 12 18 14 1 1 -1 643 643 1 643 16 392496 4753 0 14 12 
273301 31 12 18 14 1 1 -1 688 90 2 45 784 392541 5520 0 14 12 
273303 231 981 167 25 1 1 382 0 0 0 0 0 392831 4352 182 25 981 
273304 231 981 167 25 1 1 -1 99 99 1 99 32 392930 4352 182 25 981 
273305 231 100 981 182 1 1 -1 173 173 1 173 2 393103 4194 167 182 100 
273306 231 174 100 167 1 1 -1 84 84 1 84 64 393187 4256 981 167 174 
273307 31 300 766 12 1 1 544 0 0 0 0 0 393340 4224 16 12 300 
273308 31 8 300 16 1 1 16 0 0 0 0 0 393364 4224 766 16 8 
273309 2 0 18 105 0 0 7835 0 0 0 0 0 393596 4224 2 105 0 
273310 2 0 18 105 0 0 -1 55 55 1 55 256 393651 4480 2 105 0 
273311 36 1586 962 838 1 1 -1 1556 3110 2 1555 4096 393814 4160 711 838 1586 
273312 2 0 90 18 5 1 196 0 0 0 0 0 393882 6208 0 18 0 
273313 231 0 174 981 5 1 -1 787 787 1 787 64 393890 6208 100 981 0 
273314 231 0 174 981 5 1 -1 788 2 2 1 640 393891 6784 100 981 0 
273315 231 0 174 981 5 1 -1 788 2 2 1 640 393891 6784 100 981 0 
273316 231 0 174 981 5 1 -1 789 3 3 1 1792 393892 7936 100 981 0 
273317 2 0 0 0 0 5 74 0 0 0 0 0 393956 7936 90 0 0 
273318 2 0 0 90 0 0 12 0 0 0 0 0 393968 7936 0 90 0 
273319 2 0 0 0 0 0 125 0 0 0 0 0 394093 7936 0 0 0 
273320 2 0 0 0 0 0 29 0 0 0 0 0 394122 7936 0 0 0 
273321 231 0 174 981 5 1 -1 1085 891 3 297 1792 394188 7936 100 981 0 
273322 231 0 174 981 5 1 -1 1086 894 3 298 1792 394189 7936 100 981 0 
273323 2 0 0 0 0 0 352 0 0 0 0 0 394474 8960 0 0 0 
273324 12 2 0 2 1 5 10043 0 0 0 0 0 394620 8960 0 2 2 
273325 12 0 2 0 1 1 7 0 0 0 0 0 394683 8960 0 0 0 
273326 31 0 8 766 0 1 1320 0 0 0 0 0 394684 8968 300 766 0 
273327 12 7 0 0 1 1 4 0 0 0 0 0 394694 8968 2 0 7 
273328 12 3 7 2 1 1 10 0 0 0 0 0 394707 8968 0 2 3 
273329 12 2 3 0 1 1 4 0 0 0 0 0 394713 8968 7 0 2 
273330 31 78 0 300 1 0 1 0 0 0 0 0 394763 8960 8 300 78 
273331 31 65 78 8 1 1 33 0 0 0 0 0 394861 8960 0 8 65 
273332 31 13 65 0 1 1 36 0 0 0 0 0 394910 8960 78 0 13 
273333 36 1586 962 838 1 1 -1 2708 3456 3 1152 6144 394966 11200 711 838 1586 
273334 36 1586 962 838 1 1 -1 2709 3459 3 1153 6144 394967 11200 711 838 1586 
273335 36 1586 962 838 1 1 -1 2710 3462 3 1154 6144 394968 11200 711 838 1586 
273336 36 1586 962 838 1 1 -1 2711 3465 3 1155 6144 394969 11200 711 838 1586 
273337 31 8 13 78 1 1 120 0 0 0 0 0 395038 11200 65 78 8 
273338 231 1814 0 100 0 5 -1 1457 1688 4 422 5056 395347 11474 174 100 1814 
273339 31 8 13 78 1 1 -1 511 511 1 511 274 395549 11378 65 78 8 
273340 231 1578 1814 174 1 0 -1 1708 396 4 99 3936 395598 11410 0 174 1578 
273341 31 619 8 65 1 1 -1 105 105 1 105 32 395664 10082 13 65 619 
273342 231 1821 1416 1578 1 1 -1 931 414 2 207 2306 395856 9476 100 1578 1821 
273343 31 106 619 13 1 1 220 206 206 1 206 2 395885 9474 8 13 106 
273344 31 207 106 8 1 1 293 0 0 0 0 0 396179 11008 619 8 207 
273345 31 207 106 8 1 1 -1 90 90 1 90 1088 396269 12096 619 8 207 
273346 231 1586 208 1416 1 1 -1 850 998 2 499 6656 397018 10752 1821 1416 1586 
273347 31 112 9 106 1 1 807 0 0 0 0 0 397098 10752 207 106 112 
273348 231 0 39 208 5 1 -1 978 1254 2 627 6656 397146 10752 1586 208 0 
273349 31 38 112 207 1 1 73 0 0 0 0 0 397209 8736 9 207 38 
273350 231 0 39 208 5 1 -1 1080 297 3 99 6688 397248 8800 1586 208 0 
273351 31 23 38 9 1 1 -1 207 207 1 207 64 397416 8770 112 9 23 
273352 231 100 0 1586 1 5 -1 1283 546 3 182 6658 397451 9866 39 1586 100 
273353 31 23 38 9 1 1 -1 287 160 2 80 1160 397496 9928 112 9 23 
273354 36 4918 667 1767 1 1 -1 5248 5248 1 5248 2048 397507 9928 378 1767 4918 
273355 31 9 23 112 1 1 -1 481 548 2 274 1160 397690 10056 38 112 9 
273356 31 9 23 112 1 1 -1 621 828 2 414 1160 397830 10056 38 112 9 
273357 31 9 23 112 1 1 -1 642 870 2 435 1160 397851 10056 38 112 9 
273358 31 9 23 112 1 1 -1 643 872 2 436 1160 397852 10056 38 112 9 
273359 231 2054 726 100 1 1 -1 1791 1791 1 1791 2048 398310 6336 184 100 2054 
273360 31 23 10 646 1 1 -1 1132 1132 1 1132 64 398341 6368 9 646 23 
273361 231 2054 726 100 1 1 -1 1891 182 2 91 2080 398410 6368 184 100 2054 
273362 31 0 12 10 5 1 -1 1253 1253 1 1253 64 398462 8386 23 10 0 
273363 231 1909 93 726 1 1 176 165 165 1 165 2 398604 194 2054 726 1909 
273364 231 173 1909 2054 1 1 -1 25 25 1 25 64 398629 256 93 2054 173 
273365 231 7 173 93 1 1 -1 132 132 1 132 64 398736 256 1909 93 7 
273366 31 1984 0 23 0 5 14 0 0 0 0 0 399207 192 12 23 1984 
273367 231 7 7 1909 1 1 -1 800 800 1 800 64 399404 192 173 1909 7 
273368 231 7 7 1909 1 1 -1 800 800 1 800 64 399404 192 173 1909 7 
273369 231 7 7 1909 1 1 -1 801 3 3 1 1792 399405 1920 173 1909 7 
273370 231 7 7 1909 1 1 -1 802 4 4 1 4096 399406 4224 173 1909 7 
273371 29 -1 -1 -1 -1 -1 -1 0 0 0 0 0 399588 8832 -1 -1 0 
273372 29 10 -1 -1 1 -1 18 0 0 0 0 0 399616 8832 -1 -1 10 
273373 29 0 10 -1 5 1 13 0 0 0 0 0 399684 8832 -1 -1 0 
273374 231 1128 7 173 1 1 -1 474 1888 4 472 8640 399878 8768 7 173 1128 
273375 29 113 0 -1 1 5 97 0 0 0 0 0 399894 8800 10 -1 113 
273376 231 1128 7 173 1 1 -1 705 1155 5 231 8672 400109 8672 7 173 1128 
273377 231 232 1128 7 1 1 -1 868 815 5 163 8642 400272 8642 7 7 232 
273378 36 2546 139 5917 1 1 585 0 0 0 0 0 400670 8640 221 5917 2546 
273379 36 2546 139 5917 1 1 -1 1 1 1 1 1 400671 8641 221 5917 2546 
273380 36 2546 139 5917 1 1 -1 1 1 1 1 1 400671 8641 221 5917 2546 
273381 36 2546 139 5917 1 1 -1 2 3 3 1 161 400672 8801 221 5917 2546 
273382 36 2546 139 5917 1 1 -1 2 3 3 1 161 400672 8801 221 5917 2546 
273383 36 2546 139 5917 1 1 -1 3 5 5 1 194 400673 8834 221 5917 2546 
273384 36 2546 139 5917 1 1 -1 3 5 5 1 194 400673 8834 221 5917 2546 
273385 36 2546 139 5917 1 1 -1 4 7 7 1 354 400674 8994 221 5917 2546 
273386 36 2546 139 5917 1 1 -1 4 7 7 1 354 400674 8994 221 5917 2546 
273387 36 2546 139 5917 1 1 -1 5 9 9 1 514 400675 9154 221 5917 2546 
273388 36 2546 139 5917 1 1 -1 5 9 9 1 514 400675 9154 221 5917 2546 
273389 31 0 9 0 5 1 1140 0 0 0 0 0 400695 9154 1984 0 0 
273390 31 0 9 0 5 1 -1 200 200 1 200 2 400897 7492 1984 0 0 
273391 31 207 0 1984 1 5 -1 27 27 1 27 2 400924 5444 9 1984 207 
273392 31 44 207 9 1 1 -1 231 231 1 231 2 401128 1092 0 9 44 
273393 31 617 239 207 1 1 417 0 0 0 0 0 402162 0 44 207 617 
273394 31 617 239 207 1 1 -1 137 137 1 137 11136 402299 11136 44 207 617 
