0.01779658
0.22091928
0.70205615
0.00265284
0.00140916
0.00055527
0.00606758
0.00215432
0.00070736
0.00080788
0.01971272
0.00000000
0.00000000
0.00000000
0.00000016
0.00000000
0.00000000
0.00000795
0.00000000
0.00000000
0.00000006
0.00000000
0.00000000
0.00000000
0.00000000
0.00000000
0.00003786
0.00000000
0.00000000
0.00000000
0.00000000
0.00000583
0.00000000
0.00000000
0.00000636
0.00000648
0.00000244
0.00000000
0.00000000
0.00002209
0.00000000
0.00000000
0.00002563
0.00000000
0.00000000
0.00000000
0.00000752
0.00000000
0.00000000
0.00000000
0.00000000
0.00000000
0.00000000
0.00000000
0.00000000
0.00000000
0.00000000
0.00000000
0.00000000
0.00000000
0.00000157
0.00000001
0.00000000
0.00000000
0.00000000
0.00000000
0.00000000
0.00000000
0.00000000
0.00003604
0.00092882
0.00005812
0.00000000
0.00000063
0.00000000
0.00000000
0.00000000
0.00000000
0.00003398
0.00000000
0.00000000
0.00000000
0.00000000
0.00000000
0.00000058
0.00000000
0.00000000
0.00000691
0.00000000
0.00000309
0.00000040
0.00000000
0.00000000
0.00000000
0.00000000
0.00000000
0.00000696
0.00000000
0.00000000
0.00000000
0.00000000
0.00000000
0.00000000
0.00000000
0.00000000
0.00000000
0.00000000
0.00000000
0.00000000
0.00000000
0.00000000
0.00000000
0.00000000
0.00000000
0.00000000
0.00000000
0.00000000
0.00040657
0.00000000
0.00000000
0.00000000
0.00000000
0.00000000
0.00000000
0.00000000
0.00000000
0.00000000
0.00000000
0.00005609
0.00000000
0.00000000
0.00000000
0.00000001
0.00000000
0.00000000
0.00000000
0.00000000
0.00000000
0.00000000
0.00000000
0.00000000
0.00007022
0.00000000
0.00000000
0.00002593
0.00000000
0.00000000
0.00000000
0.00000000
0.00000001
0.00000000
0.00000000
0.00000087
0.00000000
0.00000396
0.00000000
0.00000000
0.00000000
0.00001201
0.00000000
0.00000022
0.00000000
0.00000000
0.00000000
0.00005256
0.00000174
0.00000000
0.00000004
0.00000000
0.00000000
0.00000000
0.00000000
0.00000033
0.00000236
0.00000000
0.00007291
0.00000000
0.00000000
0.00000000
0.00000000
0.00000564
0.00000000
0.00005988
0.00002716
0.00000058
0.00000000
0.00001188
0.00000060
0.00000000
0.00011942
0.00000000
0.00000000
0.00000000
0.00000000
0.00000104
0.00006465
0.00000000
0.00002996
0.00000000
0.00000000
0.00000063
0.00000001
0.00000000
0.00000000
0.00000000
0.00000000
0.00000000
0.00000000
0.00000000
0.00000000
0.00000000
0.00042034
0.00000000
0.00000000
0.00000014
0.00000000
0.00000000
0.00001505
0.00000019
0.00000000
0.00016021
0.00000000
0.00000000
0.00000144
0.00000000
0.00000000
0.00000000
0.00001584
0.00000000
0.00000000
0.00000000
0.00000000
0.00000000
0.00000000
0.00000000
0.00000000
0.00000030
0.00000000
0.00206971
0.00000000
0.00002461
0.00000000
0.00000000
0.00000000
0.00000000
0.00000000
0.00000091
0.00000000
0.00000005
0.00000000
0.00000000
0.00000000
0.00000000
0.00000000
0.00000000
0.00000000
0.00000000
0.00001366
0.00000000
0.00000001
0.00000000
0.00000000
0.00000000
0.00000000
0.00000000
0.00000000
0.00000000
0.00000000
0.00000003
0.00000000
0.00000000
0.00000000
0.00000000
0.00000000
0.00000000
0.00000000
0.00000000
0.00013100
0.00000000
0.00000000
0.00000000
0.00000000
0.00000000
0.00000000
0.00000000
0.00000000
0.00000000
0.00000000
0.00000000
0.00000000
0.00000000
0.00000000
0.00000000
0.00000007
0.00000000
0.00000246
0.00000000
0.00000000
0.00000000
0.00000000
0.00000000
0.00000000
0.00000027
0.00002852
0.00000000
0.00000052
0.00000000
0.00000000
0.00000000
0.00000000
0.00000000
0.00000000
0.00000000
0.00000000
0.00000000
0.00000000
0.00000000
0.00000001
0.00000000
0.00001327
0.00000000
0.00000000
0.00000001
0.00000000
0.00000000
0.00000000
0.00000000
0.00001269
0.00000000
0.00000341
0.00000009
0.00000000
0.00000000
0.00000016
0.00000000
0.00000000
0.00000162
0.00000000
0.00000000
0.00000000
0.00000006
0.00000000
0.00000000
0.00000000
0.00000000
0.00000000
0.00000000
0.00000000
0.00000000
0.00000000
0.00003837
0.00000024
0.00000000
0.00000000
0.00000913
0.00000011
0.00000004
0.00000017
0.00000000
0.00000000
0.00000000
0.00000223
0.00005131
0.00000000
0.00000000
0.00269149
0.00000003
0.00000017
0.00000000
0.00000000
0.00000010
0.00000072
0.00000000
0.00000000
0.00000000
0.00000000
0.00003762
0.00000000
0.00000000
0.00000237
0.00000034
0.00000000
0.00000000
0.00000000
0.00000000
0.00000000
0.00000009
0.00000000
0.00000000
0.00000000
0.00000000
0.00018497
0.00000030
0.00000000
0.00000000
0.00000000
0.00000000
0.00000000
0.00000000
0.00000013
0.00000000
0.00000000
0.00000000
0.00000000
0.00000000
0.00002688
0.00000000
0.00000000
0.00000000
0.00000005
0.00000005
0.00000000
0.00000000
0.00000000
0.00000000
0.00000000
0.00000000
0.00009669
0.00000000
0.00000206
0.00000000
0.00000000
0.00000673
0.00000000
0.00000108
0.00000386
0.00004362
0.00000425
0.00000000
0.00000000
0.00000336
0.00000000
0.00000475
0.00000000
0.00000001
0.00000000
0.00000000
0.00012094
0.00000000
0.00023947
0.00000000
0.00000000
0.00007295
0.00000000
0.00000000
0.00000286
0.00000000
0.00000095
0.00343904
0.00000046
0.00000000
0.00000000
0.00000004
0.00000000
0.00012091
0.00000000
0.00000000
0.00000000
0.00000154
0.00000131
0.00000708
0.00000000
0.00000000
0.00000000
0.00000000
0.00012284
0.00000056
0.00000000
0.00003160
0.00000000
0.00000000
0.00000000
0.00000000
0.00000009
0.00000000
0.00000102
0.00005352
0.00001902
0.00000000
0.00005439
0.00000000
0.00000000
0.00003825
0.00000004
0.00002754
0.00001001
0.00000441
0.00000000
0.00000000
0.00000246
0.00015926
0.00000000
0.00000229
0.00000000
0.00000937
0.00000000
0.00000003
0.00002551
0.00000000
0.00000644
0.00000002
0.00026893
0.00005056
0.00000177
0.00000028
0.00000959
0.00000041
0.00000599
0.00000000
0.00007634
0.00000000
0.00000004
0.00000062
0.00000000
0.00000000
0.00000000
0.00000000
0.00002626
0.00028145
0.00000017
0.00000980
0.00009191
0.00000002
0.00000000
0.00002127
0.00000015
0.00000881
0.00000000
0.00000000
0.00007466
0.00000014
0.00000299
0.00000005
0.00000388
0.00000757
0.00000000
0.00000000
0.00000150
0.00000080
0.00003207
0.00000000
0.00000118
0.00000030
0.00000000
0.00000000
0.00009242
0.00004414
0.00094883
0.00000011
0.00000096
0.00000001
0.00000000
0.00000007
0.00000000
0.00000000
0.00000000
0.00000000
0.00000000
0.00000000
0.00000000
0.00000000
0.00000000
0.00000000
0.00000000
0.00000000
0.00000000
0.00000000
0.00000000
0.00000000
0.00000000
0.00000000
0.00000000
0.00000000
0.00000000
0.00000000
0.00000000
0.00000000
0.00000000
0.00000000
0.00000000
0.00000000
0.00000000
0.00000000
0.00000000
0.00000000
0.00000000
0.00000000
0.00000000
0.00000000
0.00000000
0.00000000
0.00000000
0.00000000
0.00000679
0.00000000
0.00000000
0.00000000
0.00000000
0.00000000
0.00000000
0.00000000
0.00000000
0.00000000
0.00000000
0.00000000
0.00000000
0.00000000
0.00000000
0.00000000
0.00011614
0.00000007
0.00000000
0.00000000
0.00000000
0.00000000
0.00000000
0.00000000
0.00000000
0.00000000
0.00074423
0.00000000
0.00002454
0.00000000
0.00000000
0.00000000
0.00000000
0.00002790
0.00000000
0.00000000
0.00000000
0.00002174
0.00000000
0.00000000
0.00000000
0.00000000
0.00000000
0.00000000
0.00000000
0.00000002
0.00000000
0.00000000
0.00000000
0.00000000
0.00000000
0.00000000
0.00000027
0.00000000
0.00000000
0.00001627
0.00000033
0.00000000
0.00000000
0.00000000
0.00001213
0.00000000
0.00000000
0.00000000
0.00000232
0.00000404
0.00000430
0.00001010
0.00000000
0.00000079
0.00000345
0.00000000
0.00000000
0.00000000
0.00000000
0.00000248
0.00000000
0.00000000
0.00000000
0.00003510
0.00000000
0.00002093
0.00055912
0.00000000
0.00000133
0.00000000
0.00004318
0.00117961
0.00000000
0.00000000
0.00001432
0.00000000
0.00000039
0.00000065
0.00000738
0.00000000
0.00000000
0.00000000
0.00000000
0.00000032
0.00063180
0.00000000
0.00000000
0.00000000
0.00029365
0.00000000
0.00000000
0.00002058
0.00004570
0.00029981
0.00003335
0.00000000
0.00000000
0.00000000
0.00000000
0.00000000
0.00000000
0.00000000
0.00000000
0.00000180
0.00000000
0.00000670
0.00000000
0.00000000
0.00002110
0.00000000
0.00000000
0.00000000
0.00000000
0.00000000
0.00000000
0.00000000
0.00000000
0.00000000
0.00000000
0.00000000
0.00000011
0.00004615
0.00000000
0.00000000
0.00000930
0.00000001
0.00000000
0.00000000
0.00000567
0.00000000
0.00000000
0.00001210
0.00000001
0.00000000
0.00000000
0.00000000
0.00000000
0.00000000
0.00000001
0.00000000
0.00000000
0.00000000
0.00000101
0.00000000
0.00000000
0.00000000
0.00000000
0.00000000
0.00232803
0.00000000
0.00000000
0.00000000
0.00000000
0.00001948
0.00000000
0.00000058
0.00000000
0.00000000
0.00000000
0.00000000
0.00000000
0.00000000
0.00001420
0.00000000
0.00000000
0.00000006
0.00000002
0.00000000
0.00000684
0.00000021
0.00000000
0.00000000
0.00045155
0.00000004
0.00000004
0.00000000
0.00000000
0.00000000
0.00000000
0.00000052
0.00000560
0.00000000
0.00000845
0.00000064
0.00000387
0.00000000
0.00000000
0.00000000
0.00000001
0.00000030
0.00000154
0.00000000
0.00000000
0.00000001
0.00002159
0.00000000
0.00002116
0.00000000
0.00000004
0.00000000
0.00000000
0.00000016
0.00000002
0.00005755
0.00000000
0.00032066
0.00004092
0.00021504
0.00000000
0.00000227
0.00000000
0.00000441
0.00000000
0.00000000
0.00000000
0.00016257
0.00060454
0.00000635
0.00000000
0.00000000
0.00000000
0.00000000
0.00000250
0.00002381
0.00000003
0.00000000
0.00005806
0.00000029
0.00000001
0.00000000
0.00001222
0.00017909
0.00000000
0.00000116
0.00000000
0.00005944
0.00000014
0.00000262
0.00000000
0.00004828
0.00000000
0.00000005
0.00000000
0.00027079
0.00000000
0.00000313
0.00002874
0.00000000
0.00000000
0.00005468
0.00000000
0.00000000
0.00000033
0.00000000
0.00001025
0.00000088
0.00001126
0.00000949
0.00003974
0.00000001
0.00002944
0.00000000
0.00000004
0.00000000
0.00000000
0.00000000
0.00000000
0.00000000
0.00000000
0.00000000
0.00000000
0.00000000
0.00000000
0.00000000
0.00000000
0.00000000
0.00000000
0.00000000
0.00000000
0.00000000
0.00000000
0.00000000
0.00000000
0.00000000
0.00000000
0.00000000
0.00000000
0.00000000
0.00000000
0.00002263
0.00047828
0.00001791
0.00007374
0.00003784
0.00005166
0.00004492
0.00000000
