"name"   "avgft"   "maxft"   "RMSFT"   "avgstretch"   "maxstretch"   "RMSS"   "avgbsld"   "maxbsld"   "RMSBSLD"
"simulations/sgd_symm_squared_cor_recu"   13221.612394688   1662846   NA   11.825124727697   12790.3615384615   112.877436974749   25.662787826409   25.662787826409   25.662787826409
"simulations/sgd_symm_abs_cor_recu"   13215.8836355847   2035412   NA   12.0510916266943   15656.2538461538   113.326342342509   31.4126180628434   31.4126180628434   31.4126180628434
"simulations/sgd_weighted_symm_squared_cor_reqt"   13221.0877623875   415767   NA   12.2742581070162   9527   88.1883221365441   6.41655349095623   6.41655349095623   6.41655349095623
"simulations/sgd_weighted_symm_abs_cor_reqt"   13378.6946451521   381175   NA   12.4619169421576   15577.8   115.285212109405   5.88269337613433   5.88269337613433   5.88269337613433
"simulations/tsaf_cor_reqt"   13185.377852349   1190597   NA   12.4857038253396   9157.67692307692   89.1160882860409   18.374544724983   18.374544724983   18.374544724983
"simulations/clairvoyant"   13570.5649150364   185764   NA   12.5757735825721   12840   119.705282133481   2.86690536452868   2.86690536452867   2.86690536452868
"simulations/sgd_symm_squared_cor_reqt"   13093.6072825932   1187152   NA   13.109962124695   12606   122.037382292891   18.321377862831   18.321377862831   18.321377862831
"simulations/tsaf_cor_recu"   14806.3247036984   1270453   NA   13.4194903814658   9771.95384615385   117.648510497062   19.6069664794123   19.6069664794123   19.6069664794123
"simulations/sgd_weighted_symm_squared_cor_recu"   13816.5025417678   856501   NA   13.6475412725071   10292   120.82755056897   13.2184239767887   13.2184239767887   13.2184239767887
"simulations/sgd_symm_abs_cor_reqt"   13037.3058546337   1056323   NA   13.7657431271534   9040   110.205727074508   16.3022871782209   16.3022871782209   16.3022871782209
"simulations/sgd_asym_weak_squared_cor_recu"   14165.5907182636   521001   NA   13.9036865193339   12694.8   126.540681440896   8.04063522439657   8.04063522439657   8.04063522439657
"simulations/tsaf_cor_tsaf"   14743.9712408968   401316   NA   15.1079024440673   12840   170.854061208953   6.19353046484351   6.19353046484351   6.19353046484351
"simulations/sgd_symm_abs_cor_tsaf"   13659.5938454948   341067   NA   15.4350840814526   14751.4   147.227908350307   5.26370454966356   5.26370454966356   5.26370454966356
"simulations/sgd_asym_strong_squared_cor_recu"   13875.0541053834   282848   NA   17.5356766586585   18265.2   241.709808127272   4.36520772887215   4.36520772887215   4.36520772887215
"simulations/sgd_asym_strong_abs_cor_tsaf"   13670.1419820077   200302   NA   18.0491804973367   16750.4   193.38259102818   3.09127106611519   3.09127106611519   3.09127106611519
"simulations/sgd_asym_strong_abs_cor_reqt"   13668.8556618592   202155   NA   18.1242059994846   16750.4   193.024822037438   3.11986851040188   3.11986851040188   3.11986851040188
"simulations/sgd_asym_strong_squared_cor_tsaf"   13877.6641296587   196985   NA   18.5321403282636   17162.6   197.602238893947   3.04007963454534   3.04007963454534   3.04007963454534
"simulations/sgd_weighted_asym_weak_abs_cor_recu"   13722.7957161217   277296   NA   18.5535708149127   19025   301.594409458306   4.27952342737206   4.27952342737206   4.27952342737206
"simulations/sgd_asym_weak_abs_cor_tsaf"   13908.5692988719   219117   NA   19.6731670236177   14765   191.187180463669   3.38164392863757   3.38164392863757   3.38164392863757
"simulations/sgd_weighted_asym_weak_squared_cor_tsaf"   14021.7650292732   208994   NA   20.9654502746624   15008.6   237.680434462317   3.22541514908328   3.22541514908328   3.22541514908328
"simulations/sgd_weighted_asym_strong_squared_cor_reqt"   13899.8667285449   206093   NA   21.9946864134468   15897.6   292.182720150562   3.18064386690537   3.18064386690536   3.18064386690536
"simulations/sgd_asym_weak_abs_cor_reqt"   13729.6037555333   213310   NA   22.2835761759394   16707.6   305.050124086879   3.29202419902463   3.29202419902463   3.29202419902463
"simulations/sgd_weighted_asym_strong_abs_cor_tsaf"   13714.8713836927   204316   NA   22.4200687422187   17989.2   307.800037552615   3.15321933452682   3.15321933452682   3.15321933452682
"simulations/sgd_weighted_asym_strong_abs_cor_reqt"   13697.0702698843   202155   NA   22.9320653634854   17989.2   312.734358492927   3.11986851040188   3.11986851040188   3.11986851040188
"simulations/sgd_asym_weak_abs_cor_recu"   13698.5251892046   296853   NA   24.0992518936994   23420   415.689506608377   4.58134761405025   4.58134761405025   4.58134761405025
"simulations/sgd_weighted_asym_weak_abs_cor_reqt"   13706.9794088248   203389   NA   25.5804210460825   18758   391.121821448131   3.13891289585777   3.13891289585777   3.13891289585777
"simulations/sgd_weighted_asym_weak_squared_cor_reqt"   13834.9859917178   209398   NA   25.9442390756434   17658   392.678729898385   3.23165010185814   3.23165010185814   3.23165010185814
"simulations/double_reqt"   13518.0116093103   239118   NA   27.4306919516559   25547   507.766970200619   3.69032039014754   3.69032039014754   3.69032039014754
"simulations/sgd_weighted_asym_weak_abs_cor_tsaf"   13917.3697272597   204046   NA   27.5089229763048   27907   488.993936557611   3.14905241064264   3.14905241064263   3.14905241064263
"simulations/reqtime"   13729.2818077967   202955   NA   27.7827350667243   20276   439.353013513374   3.13221495154022   3.13221495154022   3.13221495154022
"simulations/sgd_asym_strong_squared_cor_reqt"   13893.5753391404   199281   NA   27.8850029436096   28200   501.492784201582   3.07551392061238   3.07551392061238   3.07551392061238
"simulations/sgd_weighted_asym_strong_squared_cor_tsaf"   13907.3701984864   210661   NA   28.6691766724496   28492   515.095580991905   3.2511420458053   3.2511420458053   3.2511420458053
"simulations/sgd_weighted_asym_strong_abs_cor_recu"   13798.3528202199   213392   NA   29.3683788097003   26003   509.534403960747   3.29328970924131   3.29328970924131   3.29328970924131
"simulations/sgd_asym_weak_squared_cor_tsaf"   14041.147465372   228162   NA   37.1658422913751   48587   833.138639062886   3.52123587875795   3.52123587875795   3.52123587875795
"simulations/sgd_weighted_symm_abs_cor_tsaf"   14006.0719263173   268576   NA   37.1716044852903   42502   783.212387462738   4.14494721896413   4.14494721896413   4.14494721896413
"simulations/sgd_symm_squared_cor_tsaf"   14122.4559188919   248030   NA   38.6862070805225   54348   921.61197652814   3.82785974442867   3.82785974442867   3.82785974442867
"simulations/sgd_weighted_asym_strong_squared_cor_recu"   13798.91337998   241518   NA   38.7252717346275   53521   917.429846378102   3.72735971356256   3.72735971356257   3.72735971356256
"simulations/sgd_weighted_symm_squared_cor_tsaf"   14402.5070255605   287189   NA   40.0893708985396   44331   835.605617364372   4.43220260509908   4.43220260509908   4.43220260509908
"simulations/sgd_weighted_asym_weak_squared_cor_recu"   14137.0329715836   272162   NA   41.4680467997967   58317   999.425262650834   4.20029014136675   4.20029014136675   4.20029014136675
"simulations/sgd_asym_strong_abs_cor_recu"   13976.0074539483   265666   NA   43.7992490283236   64981   1102.65671894124   4.10003703932341   4.10003703932342   4.10003703932341
"simulations/sgd_asym_weak_squared_cor_reqt"   14157.3760245609   224654   NA   44.4253057872327   55828   979.91267059227   3.46709673436632   3.46709673436632   3.46709673436632
#CRASHED:
#"simulations/sgd_weighted_symm_abs_cor_recu"   2609   2609   2609   1   1   1   1   1   1
