0
0
0
0
0
0
0
0
3
6
9
6
9
13
13
17
17
18
23
23
24
26
17
32
34
34
34
33
34
22
34
44
29
29
28
29
31
31
45
45
31
30
44
46
31
30
45
29
29
29
28
29
45
45
49
34
33
49
53
35
36
36
40
40
42
41
42
42
41
40
40
39
40
40
39
41
38
40
40
42
41
45
45
44
45
45
45
52
46
52
52
53
47
47
47
47
47
47
47
47
47
47
47
47
47
47
47
47
47
47
47
47
47
47
47
47
47
47
47
47
47
47
47
47
47
47
47
47
47
47
47
47
47
47
47
47
47
47
47
47
47
47
47
47
47
47
47
47
47
47
47
47
47
47
47
47
47
47
47
47
47
47
47
47
47
47
47
47
47
47
47
47
47
47
47
47
47
47
47
47
47
47
47
47
47
47
47
47
47
47
47
47
47
47
53
46
52
46
46
51
50
44
44
49
44
49
48
47
46
42
42
42
42
42
42
42
42
50
45
49
48
48
60
64
151
149
146
155
155
155
155
155
155
149
149
149
149
149
149
138
134
132
135
133
128
278
273
269
264
274
269
269
249
264
246
246
246
246
246
246
247
232
230
230
230
230
230
230
227
219
223
216
213
217
207
207
205
206
200
198
194
191
191
200
192
194
187
187
187
184
192
192
192
192
192
192
192
180
171
169
184
228
181
181
181
181
181
181
170
269
266
326
357
262
262
262
262
262
262
248
347
254
244
240
235
231
227
250
259
247
250
250
231
225
221
218
215
211
238
205
227
205
246
226
225
225
225
225
225
225
245
226
200
197
218
224
220
189
186
262
293
254
227
224
221
220
217
286
286
318
323
279
336
272
272
393
303
332
333
297
295
363
306
293
289
289
302
302
289
285
285
282
294
281
282
282
291
277
291
291
291
292
284
424
433
414
408
419
400
439
467
411
541
545
537
537
823
1128
1087
1242
1202
1202
1242
1231
1341
1341
1574
1989
1688
1976
2043
2169
2375
2593
3163
3285
3701
3622
3684
3632
3582
3532
3450
3599
3403
3355
3309
3263
3218
3395
3099
3149
3105
3450
3506
3482
4407
3614
4272
4205
4279
5411
4279
4279
4279
4408
4668
4602
6169
6260
6349
6438
6438
8472
8520
9260
9260
11324
17515
17515
17515
17515
17515
17515
17515
17515
17515
17515
17515
17515
17515
17515
17515
17515
17515
17515
17515
17515
17515
