"name"   "avgft"   "maxft"   "RMSFT"   "avgstretch"   "maxstretch"   "RMSS"   "avgbsld"   "maxbsld"   "RMSBSLD"
"simulations/tsaf_cor_recu"   6366.9900334383   299921   NA   5.67688429296137   36353   149.136966302723   2.97579052854039   2.97579052854039   2.97579052854039
"simulations/tsaf_cor_reqt"   6363.25533227283   298369   NA   5.79819193542537   35734   160.261530260784   2.96039171718575   2.96039171718575   2.96039171718575
"simulations/sgd_symm_abs_cor_recu"   6376.47923362443   299899   NA   5.84525061161077   35734   148.993736564866   2.97557224642067   2.97557224642067   2.97557224642067
"simulations/sgd_symm_squared_cor_reqt"   6356.72953391986   226808   NA   5.91651897989207   35704   150.981277868256   2.25036959131634   2.25036959131634   2.25036959131634
"simulations/sgd_symm_abs_cor_reqt"   6371.14361155299   275289   NA   6.44419513084684   35734   202.975566038455   2.73139392977268   2.73139392977269   2.73139392977269
"simulations/sgd_symm_abs_cor_tsaf"   6372.64783192113   272945   NA   6.48926107869542   37437   151.469265253168   2.7081369621082   2.70813696210821   2.70813696210821
"simulations/sgd_symm_squared_cor_tsaf"   6425.37762014522   239867   NA   7.19094376258106   35734   230.490190602526   2.37993987319793   2.37993987319793   2.37993987319793
"simulations/tsaf_cor_tsaf"   6441.76471447586   276375   NA   7.3516313163746   36072   222.974440813456   2.74216912895512   2.74216912895512   2.74216912895512
"simulations/sgd_weighted_symm_abs_cor_reqt"   6447.09734982523   205861   NA   7.38863100407737   56879   217.957241474476   2.04253524760137   2.04253524760138   2.04253524760138
"simulations/sgd_symm_squared_cor_recu"   6438.90204958391   296203   NA   7.58611523860285   59771   223.437524088045   2.93890085030807   2.93890085030808   2.93890085030808
"simulations/sgd_weighted_symm_abs_cor_recu"   6533.29965154909   224603   NA   8.68078311732734   57439   229.83171524064   2.22849176977189   2.2284917697719   2.2284917697719
"simulations/sgd_weighted_symm_squared_cor_recu"   6506.02757307189   193356   NA   8.72522091189579   38846   191.372510144979   1.91846170637086   1.91846170637086   1.91846170637086
"simulations/sgd_asym_weak_abs_cor_tsaf"   6538.27982122953   225067   NA   8.98082539486671   56553   208.616287478815   2.23309553811504   2.23309553811503   2.23309553811503
"simulations/double_reqt"   6548.18611282451   227158   NA   9.24782645750818   57687   229.327897496542   2.25384226140276   2.25384226140276   2.25384226140276
"simulations/sgd_weighted_symm_abs_cor_tsaf"   6537.77622309515   216789   NA   9.37196882001625   43159   277.986061251096   2.15096192961394   2.15096192961394   2.15096192961394
"simulations/sgd_asym_weak_squared_cor_recu"   6583.7723436029   193356   NA   9.39381904399463   27534   179.829136996323   1.91846170637086   1.91846170637086   1.91846170637086
"simulations/sgd_asym_weak_abs_cor_recu"   6534.48458483481   201799   NA   9.4223831426898   54958   210.532748167923   2.00223243076984   2.00223243076984   2.00223243076984
"simulations/sgd_weighted_symm_squared_cor_reqt"   6525.07814173944   195049   NA   9.53600770475548   59239   215.801183793253   1.9352595076746   1.9352595076746   1.9352595076746
"simulations/sgd_weighted_asym_weak_abs_cor_reqt"   6606.43325866528   204095   NA   9.64851579656449   54729   210.99614722004   2.02501314653676   2.02501314653676   2.02501314653676
"simulations/sgd_weighted_symm_squared_cor_tsaf"   6585.97196160547   215869   NA   9.75046042708333   56319   240.117294405881   2.14183376824392   2.14183376824392   2.14183376824392
"simulations/sgd_asym_strong_squared_cor_recu"   6623.53748011557   203282   NA   10.0904228946337   53151   227.707403955832   2.01694663002173   2.01694663002173   2.01694663002173
"simulations/sgd_asym_strong_abs_cor_tsaf"   6613.83354976247   195965   NA   10.1093430000121   59499   239.743648201361   1.94434798138649   1.94434798138649   1.94434798138649
"simulations/sgd_weighted_asym_strong_abs_cor_tsaf"   6644.38237617548   202704   NA   10.1819532121979   56537   221.567353454352   2.01121176342187   2.01121176342187   2.01121176342187
"simulations/sgd_asym_weak_squared_cor_reqt"   6579.39143914554   204840   NA   10.2860564656972   61268   229.008235336868   2.03240497286356   2.03240497286356   2.03240497286356
"simulations/sgd_weighted_asym_strong_squared_cor_reqt"   6597.7082372929   201928   NA   10.3458754916442   52346   229.090820383859   2.00351235774455   2.00351235774455   2.00351235774455
"simulations/reqtime"   6642.2954041273   200533   NA   10.4051424371611   55615   229.311336110867   1.98967128697154   1.98967128697153   1.98967128697153
"simulations/sgd_weighted_asym_strong_abs_cor_recu"   6657.0638033092   192050   NA   10.4821815016734   54228   231.479170764776   1.90550368599125   1.90550368599125   1.90550368599125
"simulations/sgd_weighted_asym_weak_abs_cor_tsaf"   6636.45153610579   199478   NA   10.6114954883221   52960   220.401680144606   1.97920366713961   1.97920366713961   1.97920366713961
"simulations/sgd_weighted_asym_weak_squared_cor_reqt"   6609.32607213583   198486   NA   10.635954251186   56671   229.715808732432   1.96936112792324   1.96936112792324   1.96936112792325
"simulations/sgd_asym_strong_abs_cor_recu"   6602.03046240085   218759   NA   10.6526666097163   53091   240.596341135138   2.17050810124322   2.17050810124322   2.17050810124321
"simulations/sgd_asym_weak_squared_cor_tsaf"   6620.05069852504   197772   NA   10.7075668851644   56671   239.256480353263   1.96227688094695   1.96227688094695   1.96227688094695
"simulations/sgd_weighted_asym_weak_squared_cor_recu"   6586.95268318021   201019   NA   10.8162274038122   57618   221.772166088663   1.99449333743439   1.99449333743439   1.99449333743439
"simulations/sgd_asym_strong_abs_cor_reqt"   6612.34603231287   218483   NA   10.8790376334402   52737   238.577116023833   2.16776965283221   2.16776965283221   2.16776965283221
"simulations/sgd_asym_strong_squared_cor_reqt"   6632.02941271954   218095   NA   10.951394398381   56219   245.550354372221   2.16391994999355   2.16391994999355   2.16391994999355
"simulations/sgd_weighted_asym_strong_abs_cor_reqt"   6663.45157398089   191997   NA   11.0011409029863   56671   237.636809200041   1.90497782452102   1.90497782452102   1.90497782452102
"simulations/sgd_weighted_asym_strong_squared_cor_tsaf"   6650.36308692876   207115   NA   11.0496802665833   53735   242.515514813256   2.05497732842529   2.05497732842529   2.05497732842529
"simulations/sgd_weighted_asym_weak_squared_cor_tsaf"   6613.13652890952   208796   NA   11.1180823588184   52737   240.095856103004   2.07165606675464   2.07165606675464   2.07165606675464
"simulations/sgd_weighted_asym_strong_squared_cor_recu"   6634.4219610644   216821   NA   11.1301626982991   53349   256.636161091269   2.15127943087898   2.15127943087898   2.15127943087898
"simulations/sgd_asym_weak_abs_cor_reqt"   6538.7864277289   231967   NA   11.1401992436398   53825   225.159040566726   2.30155674839017   2.30155674839017   2.30155674839017
"simulations/sgd_weighted_asym_weak_abs_cor_recu"   6617.99192719324   201889   NA   11.235852720144   51745   224.706292663379   2.00312540307778   2.00312540307778   2.00312540307778
"simulations/sgd_asym_strong_squared_cor_tsaf"   6664.63863909359   199073   NA   11.4386561984642   55177   249.440592040174   1.9751852917539   1.9751852917539   1.9751852917539
"simulations/clairvoyant"   6871.05123959787   197516   NA   13.3175914295168   24168   232.007490573038   1.95973687082659   1.95973687082659   1.9597368708266
