"name"   "avgft"   "maxft"   "RMSFT"   "avgstretch"   "maxstretch"   "RMSS"   "avgbsld"   "maxbsld"   "RMSBSLD"
"simulations/tsaf_cor_reqt"   14266.2161756829   406561   NA   132.437679724109   100999.333333333   1561.55872056578   1.88222685185185   1.88222685185185   1.88222685185185
"simulations/clairvoyant"   14670.7658632387   303207   NA   138.645586821267   52161   1397.79024435676   1.40373611111111   1.40373611111111   1.40373611111111
"simulations/sgd_symm_squared_cor_recu"   14735.2209248349   364162   NA   147.464984810676   96970   1623.73689663816   1.68593518518519   1.68593518518519   1.68593518518519
"simulations/double_reqt"   14310.9483663631   382389   NA   149.18632738989   93189   1705.05139953131   1.77031944444444   1.77031944444444   1.77031944444444
"simulations/sgd_symm_abs_cor_recu"   14787.8122478129   449249   NA   153.877793383985   92856   1751.04313392079   2.07985648148148   2.07985648148148   2.07985648148148
"simulations/sgd_symm_squared_cor_reqt"   14840.9856811284   366338   NA   155.322179973   88737   1578.04635363353   1.69600925925926   1.69600925925926   1.69600925925926
"simulations/sgd_symm_abs_cor_reqt"   14785.5672201393   365854   NA   157.704576536878   97087   1633.19987643316   1.69376851851852   1.69376851851852   1.69376851851852
"simulations/sgd_weighted_symm_abs_cor_recu"   14828.9806106052   393060   NA   158.311224044277   94301   1730.79617153798   1.81972222222222   1.81972222222222   1.81972222222222
"simulations/tsaf_cor_recu"   14733.3129441171   685256   NA   162.67597471438   133215.666666667   1988.23578660798   3.17248148148148   3.17248148148148   3.17248148148148
"simulations/sgd_asym_weak_abs_cor_recu"   14689.4407784324   392424   NA   164.26569445928   104871   1817.48748334553   1.81677777777778   1.81677777777778   1.81677777777778
"simulations/tsaf_cor_tsaf"   15536.5199428673   435580   NA   166.161826675063   118909.333333333   1849.35392211408   2.01657407407407   2.01657407407407   2.01657407407407
"simulations/sgd_weighted_symm_squared_cor_reqt"   15099.2264952687   309972   NA   169.053154583169   93440   1742.64209066938   1.43505555555556   1.43505555555556   1.43505555555556
"simulations/sgd_weighted_symm_squared_cor_recu"   15206.5005891805   381723   NA   172.26144042638   81697   1828.01889542302   1.76723611111111   1.76723611111111   1.76723611111111
"simulations/sgd_weighted_asym_weak_abs_cor_recu"   14955.9733618997   379787   NA   173.114854106707   105102   1819.81230232522   1.75827314814815   1.75827314814815   1.75827314814815
"simulations/sgd_asym_weak_squared_cor_recu"   15220.008677022   430521   NA   173.683038169958   114241   1896.54887967175   1.99315277777778   1.99315277777778   1.99315277777778
"simulations/sgd_weighted_asym_weak_squared_cor_recu"   15135.4112836993   364250   NA   179.771799451734   99460   1849.48489685798   1.68634259259259   1.68634259259259   1.68634259259259
"simulations/sgd_asym_strong_abs_cor_recu"   14811.3448312801   427055   NA   182.78445236634   90111   1926.94036615465   1.97710648148148   1.97710648148148   1.97710648148148
"simulations/reqtime"   14916.8550973041   309231   NA   183.00876932556   95943   1858.11855744587   1.431625   1.431625   1.431625
"simulations/sgd_asym_strong_squared_cor_recu"   14981.9517229066   315832   NA   183.383925481834   95943   1880.9436208357   1.46218518518518   1.46218518518519   1.46218518518519
"simulations/sgd_asym_weak_abs_cor_reqt"   14976.5730048206   314861   NA   184.025096765656   138989   2103.63745404821   1.45768981481481   1.45768981481481   1.45768981481481
"simulations/sgd_asym_weak_squared_cor_reqt"   15356.3521514015   406138   NA   185.312333309632   124919   2011.01679697375   1.88026851851852   1.88026851851852   1.88026851851852
"simulations/sgd_weighted_asym_strong_squared_cor_recu"   14858.7281556865   348490   NA   186.991061008696   144020   2081.24194972926   1.61337962962963   1.61337962962963   1.61337962962963
"simulations/sgd_weighted_asym_weak_squared_cor_tsaf"   15502.0747723621   363281   NA   188.237456101761   205758   2302.77279875796   1.68185648148148   1.68185648148148   1.68185648148148
"simulations/sgd_weighted_asym_weak_abs_cor_reqt"   15093.1277628995   328454   NA   188.266568495758   140791   2073.71958009891   1.52062037037037   1.52062037037037   1.52062037037037
"simulations/sgd_weighted_asym_strong_abs_cor_recu"   14817.9800392787   364742   NA   189.060049482403   103096   2100.12191891586   1.68862037037037   1.68862037037037   1.68862037037037
"simulations/sgd_weighted_symm_abs_cor_reqt"   15140.6418853776   323046   NA   189.790700990428   147520   2111.94143479008   1.49558333333333   1.49558333333333   1.49558333333333
"simulations/sgd_weighted_asym_strong_squared_cor_reqt"   14833.4831637208   318921   NA   191.959848585177   261354   2550.28504207928   1.47648611111111   1.47648611111111   1.47648611111111
"simulations/sgd_weighted_asym_weak_squared_cor_reqt"   15169.2361006963   315774   NA   192.513032869091   179670   2200.48525000912   1.46191666666667   1.46191666666667   1.46191666666667
"simulations/sgd_weighted_asym_strong_abs_cor_reqt"   14828.2331369398   309231   NA   192.838365589904   240040   2460.69533937397   1.431625   1.431625   1.431625
"simulations/sgd_weighted_asym_strong_squared_cor_tsaf"   15331.7819317979   358345   NA   193.26210229048   199047   2290.23651283544   1.65900462962963   1.65900462962963   1.65900462962963
"simulations/sgd_asym_strong_abs_cor_reqt"   14861.3259060882   309231   NA   194.39469696457   240040   2456.57801027933   1.431625   1.431625   1.431625
"simulations/sgd_weighted_asym_weak_abs_cor_tsaf"   15410.1480806999   366425   NA   194.547613669528   154922   2174.22045866052   1.69641203703704   1.69641203703704   1.69641203703704
"simulations/sgd_asym_weak_abs_cor_tsaf"   15454.8561685413   317600   NA   195.689205081618   195566   2371.47658895192   1.47037037037037   1.47037037037037   1.47037037037037
"simulations/sgd_asym_strong_squared_cor_reqt"   15097.9284770577   339764   NA   196.3360842805   182457   2216.79749371852   1.57298148148148   1.57298148148148   1.57298148148148
"simulations/sgd_asym_strong_abs_cor_tsaf"   15034.9619710766   331129   NA   197.062351628601   254171   2547.27933249969   1.53300462962963   1.53300462962963   1.53300462962963
"simulations/sgd_weighted_asym_strong_abs_cor_tsaf"   15136.0662738797   311738   NA   197.963471238648   254171   2548.55730099389   1.44323148148148   1.44323148148148   1.44323148148148
"simulations/sgd_symm_abs_cor_tsaf"   15615.3900374933   369821   NA   200.70915235271   320220   3115.56908977296   1.71213425925926   1.71213425925926   1.71213425925926
"simulations/sgd_asym_weak_squared_cor_tsaf"   15919.0334226031   370062   NA   202.304414133864   210764   2520.52324841052   1.71325   1.71325   1.71325
"simulations/sgd_symm_squared_cor_tsaf"   16126.1280485628   404712   NA   203.141660961948   207968   2524.94103104632   1.87366666666667   1.87366666666667   1.87366666666667
"simulations/sgd_weighted_symm_squared_cor_tsaf"   16275.7010533833   362440   NA   203.949289900492   313363   2842.63866118801   1.67796296296296   1.67796296296296   1.67796296296296
"simulations/sgd_asym_strong_squared_cor_tsaf"   15489.7851812176   364742   NA   205.054561809833   254742   2721.71959874758   1.68862037037037   1.68862037037037   1.68862037037037
"simulations/sgd_weighted_symm_abs_cor_tsaf"   16100.8659882164   322913   NA   218.677772292681   268872   2965.56694375149   1.49496759259259   1.49496759259259   1.49496759259259
