"name"   "avgft"   "maxft"   "RMSFT"   "avgstretch"   "maxstretch"   "RMSS"   "avgbsld"   "maxbsld"   "RMSBSLD"
"simulations/tsaf_cor_reqt"   14266.1722547525   940406   NA   40.0848227229846   11878   195.592407867833   7.93183255876721   7.93183255876722   7.93183255876722
"simulations/sgd_symm_abs_cor_recu"   14635.7539303762   431110   NA   40.9512381582468   21637   213.460343928389   3.63618727912214   3.63618727912214   3.63618727912214
"simulations/tsaf_cor_tsaf"   14721.4931017887   448225   NA   40.9605285945938   29423   243.218593289017   3.78054334899335   3.78054334899335   3.78054334899334
"simulations/double_reqt"   14620.3409200289   411291   NA   41.9335686516407   12246   191.282843010393   3.46902438407233   3.46902438407233   3.46902438407233
"simulations/sgd_symm_squared_cor_reqt"   14785.6787318521   422524   NA   41.9611343846949   10645   184.893178529159   3.56376886159867   3.56376886159867   3.56376886159867
"simulations/clairvoyant"   14415.5504331435   360340   NA   42.2013370816412   15652   200.674968454212   3.03927935830501   3.03927935830501   3.03927935830501
"simulations/sgd_symm_squared_cor_recu"   15123.7894240796   1039223   NA   43.0762499054831   4878.76923076923   187.351673404532   8.76530224947496   8.76530224947495   8.76530224947496
"simulations/sgd_weighted_asym_weak_squared_cor_recu"   15064.135818561   502765   NA   43.2485389880575   11096   192.928769558845   4.24055971187828   4.24055971187827   4.24055971187827
"simulations/tsaf_cor_recu"   15026.1034731692   769610   NA   43.4977737842347   28607   242.477343736232   6.49125766483076   6.49125766483076   6.49125766483076
"simulations/sgd_weighted_symm_squared_cor_recu"   15064.9475415096   406485   NA   43.9411859383365   19144   211.907189384519   3.42848828872901   3.42848828872901   3.42848828872901
"simulations/sgd_asym_strong_abs_cor_recu"   15176.261309858   396634   NA   43.9902942627667   11970   186.557957852782   3.34540025809499   3.34540025809499   3.34540025809499
"simulations/sgd_weighted_symm_squared_cor_reqt"   14955.5571709313   455246   NA   44.6013059867201   36405   255.451890844631   3.83976181037609   3.83976181037609   3.83976181037609
"simulations/sgd_symm_abs_cor_reqt"   14862.8985521777   434131   NA   45.2384679920307   16683   217.719530239765   3.66166783343596   3.66166783343595   3.66166783343595
"simulations/sgd_weighted_symm_abs_cor_recu"   15234.186753028   418430   NA   45.5530038154049   15589   211.478579240522   3.52923811371362   3.52923811371362   3.52923811371362
"simulations/sgd_weighted_asym_strong_abs_cor_tsaf"   15241.3547565573   397788   NA   46.0090241113882   6226   188.398869423283   3.35513364428438   3.35513364428438   3.35513364428438
"simulations/sgd_weighted_asym_strong_abs_cor_recu"   15242.2602871581   373084   NA   46.0091075169738   6226   190.074389196991   3.14676833022663   3.14676833022663   3.14676833022663
"simulations/sgd_asym_strong_squared_cor_reqt"   15357.5328667683   390795   NA   46.1086902049429   11878   195.767357853872   3.29615134825111   3.29615134825111   3.29615134825111
"simulations/sgd_symm_squared_cor_tsaf"   15302.3959051897   447697   NA   46.2097997673855   17014   210.659471110096   3.77608994526025   3.77608994526025   3.77608994526025
"simulations/sgd_weighted_asym_weak_squared_cor_reqt"   15294.8913732253   399224   NA   46.3031780564786   11970   204.764629570926   3.36724555292213   3.36724555292212   3.36724555292213
"simulations/sgd_weighted_asym_strong_squared_cor_recu"   15352.6209392797   374769   NA   46.4030199904732   14816   196.133687866744   3.16098042357942   3.16098042357942   3.16098042357942
"simulations/sgd_weighted_asym_weak_abs_cor_reqt"   15279.0758001123   419570   NA   46.5988631173346   14599   202.940060921312   3.53885341722826   3.53885341722826   3.53885341722826
"simulations/sgd_symm_abs_cor_tsaf"   15462.271296222   453874   NA   46.6571455403977   11433   203.280965463982   3.82818970825145   3.82818970825145   3.82818970825145
"simulations/sgd_asym_weak_squared_cor_recu"   15394.6342143258   426861   NA   46.6984333313758   13029   207.751117962242   3.60034918733816   3.60034918733816   3.60034918733816
"simulations/sgd_asym_strong_squared_cor_tsaf"   15435.7008903505   422020   NA   47.0759550987053   14850   213.50713530275   3.55951788530798   3.55951788530798   3.55951788530799
"simulations/sgd_weighted_asym_strong_squared_cor_reqt"   15403.8329389589   397788   NA   47.1057638485042   14850   197.565188247458   3.35513364428438   3.35513364428438   3.35513364428438
"simulations/sgd_asym_weak_squared_cor_reqt"   15482.6774484639   387927   NA   47.1198787549435   12307   206.055129052848   3.27196126888269   3.27196126888268   3.27196126888268
"simulations/sgd_weighted_asym_strong_squared_cor_tsaf"   15408.7461297826   397788   NA   47.2313579929009   6226   186.634203845874   3.35513364428438   3.35513364428438   3.35513364428438
"simulations/reqtime"   15271.1631507179   374771   NA   47.3349261449327   11940   197.203365976157   3.16099729253296   3.16099729253296   3.16099729253296
"simulations/sgd_weighted_asym_weak_abs_cor_tsaf"   15358.1104916981   419570   NA   47.5216655713303   14599   212.519110824199   3.53885341722826   3.53885341722826   3.53885341722826
"simulations/sgd_weighted_asym_strong_abs_cor_reqt"   15336.4374949868   397788   NA   47.5257556165605   6226   200.377117519041   3.35513364428438   3.35513364428438   3.35513364428438
"simulations/sgd_asym_strong_abs_cor_reqt"   15510.4841180717   397788   NA   47.5422046281469   11970   204.879316060436   3.35513364428438   3.35513364428438   3.35513364428438
"simulations/sgd_asym_strong_abs_cor_tsaf"   15567.2920309617   397788   NA   47.6511677804073   6226   198.650941629709   3.35513364428438   3.35513364428438   3.35513364428438
"simulations/sgd_asym_weak_abs_cor_reqt"   15324.891493543   392680   NA   47.6751777147354   6226   191.220504142828   3.31205033695735   3.31205033695735   3.31205033695735
"simulations/sgd_asym_strong_squared_cor_recu"   15496.0257680276   395503   NA   47.7147684280389   11878   199.877104521294   3.33586086487125   3.33586086487125   3.33586086487125
"simulations/sgd_asym_weak_abs_cor_recu"   15231.0171051576   392680   NA   47.7645089491129   6226   195.827364077034   3.31205033695735   3.31205033695735   3.31205033695735
"simulations/sgd_weighted_asym_weak_abs_cor_recu"   15324.8826702495   397788   NA   48.2673416814022   11701   208.528032100046   3.35513364428438   3.35513364428438   3.35513364428438
"simulations/sgd_asym_weak_squared_cor_tsaf"   15467.1163872624   395503   NA   48.5652248848997   12275   211.109187887079   3.33586086487125   3.33586086487125   3.33586086487125
"simulations/sgd_weighted_symm_abs_cor_tsaf"   15631.1400296784   402629   NA   48.6394850324933   12416   201.676806684409   3.39596494631455   3.39596494631456   3.39596494631456
"simulations/sgd_asym_weak_abs_cor_tsaf"   15525.6177107564   392680   NA   49.0170427567795   18192   217.699599892479   3.31205033695735   3.31205033695735   3.31205033695735
"simulations/sgd_weighted_asym_weak_squared_cor_tsaf"   15611.437735622   396598   NA   49.2909157566596   11970   204.254683929698   3.34509661693137   3.34509661693137   3.34509661693137
"simulations/sgd_weighted_symm_abs_cor_reqt"   15115.6130985803   374607   NA   49.4059739930605   56831   357.252864593728   3.15961403834313   3.15961403834313   3.15961403834313
"simulations/sgd_weighted_symm_squared_cor_tsaf"   15844.5540426727   390855   NA   50.61127649884   9595   209.984350933179   3.29665741685714   3.29665741685715   3.29665741685715
