"name"   "avgft"   "maxft"   "RMSFT"   "avgstretch"   "maxstretch"   "RMSS"   "avgbsld"   "maxbsld"   "RMSBSLD"
"simulations/sgd_symm_abs_cor_reqt"   5150.531077391   767981   NA   9.79227345503717   7916.81443298969   72.4452143317074   2.12817294049836   2.12817294049836   2.12817294049836
"simulations/tsaf_cor_reqt"   5162.5568871439   714611   NA   9.83220914769772   7115.15463917526   70.4470714815119   1.98027788862286   1.98027788862286   1.98027788862286
"simulations/tsaf_cor_recu"   5269.25960393483   587252   NA   9.87992922820853   6169   73.3947185194173   1.62734991575774   1.62734991575774   1.62734991575774
"simulations/sgd_symm_squared_cor_reqt"   5262.53215817739   360864   NA   10.1764670035827   6155   63.4254370483159   1   1   1
"simulations/sgd_weighted_symm_abs_cor_reqt"   5423.11921647769   541848   NA   10.4852956142147   6036   69.2089249626159   1.50152966214419   1.50152966214419   1.50152966214419
"simulations/tsaf_cor_tsaf"   5427.18455623198   517188   NA   10.5435540906846   6036   77.677839246862   1.43319366852886   1.43319366852886   1.43319366852887
"simulations/sgd_weighted_symm_squared_cor_reqt"   5448.92370891457   517736   NA   10.7204139305428   6036   65.6126956432637   1.43471224616476   1.43471224616476   1.43471224616476
"simulations/sgd_symm_squared_cor_recu"   5433.93079141301   561038   NA   10.7683805361565   6036   73.8708237844089   1.55470759067128   1.55470759067128   1.55470759067128
"simulations/sgd_weighted_symm_abs_cor_recu"   5504.3151114023   590197   NA   10.8960124903508   6036   78.7552347340589   1.63551088498714   1.63551088498714   1.63551088498714
"simulations/sgd_weighted_symm_squared_cor_recu"   5499.77759233311   556769   NA   11.1351291985061   6036   72.3163084918033   1.54287764919748   1.54287764919748   1.54287764919748
"simulations/sgd_weighted_asym_weak_abs_cor_reqt"   5562.99226711684   360864   NA   11.3706681278682   6036   65.2305030658626   1   1   1
"simulations/double_reqt"   5456.17952053255   360864   NA   11.3874386585162   6036   70.6778860048762   1   1   1
"simulations/sgd_weighted_asym_strong_squared_cor_reqt"   5608.8895063293   360864   NA   11.530744881509   6036   64.2155827953217   1   1   1
"simulations/sgd_asym_strong_squared_cor_reqt"   5545.92910328205   360864   NA   11.6163059256825   6036   63.9344690346504   1   1   1
"simulations/sgd_asym_weak_squared_cor_reqt"   5625.761375755   360864   NA   11.6307665693958   6036   67.512614530108   1   1   1
"simulations/clairvoyant"   5604.62729129106   360864   NA   11.6555415656914   6036   62.3629208422717   1   1   1
"simulations/sgd_asym_strong_abs_cor_reqt"   5592.66035092082   360864   NA   11.6799564685743   6036   66.7614443062803   1   1   1
"simulations/sgd_weighted_asym_weak_abs_cor_recu"   5644.53474058735   494377   NA   11.6920193735685   7853.66037735849   77.8604538691887   1.36998148887115   1.36998148887115   1.36998148887116
"simulations/sgd_weighted_asym_strong_abs_cor_recu"   5579.2500059778   360864   NA   11.7055402704824   6036   66.466728048467   1   1   1
"simulations/sgd_asym_strong_abs_cor_recu"   5545.87687164944   360864   NA   11.7384537540377   6036   68.9136369102709   1   1   1
"simulations/sgd_asym_weak_squared_cor_recu"   5614.12645679006   360864   NA   11.7419431254626   6036   73.8808469494466   1   1   1
"simulations/sgd_weighted_asym_strong_squared_cor_recu"   5602.65127422803   360864   NA   11.9486405594043   6036   67.6737017665387   1   1   1
"simulations/sgd_weighted_symm_abs_cor_tsaf"   5735.51725193322   360864   NA   11.9603894474982   9262   73.9767437689956   1   1   1
"simulations/sgd_weighted_asym_strong_abs_cor_reqt"   5632.27007225966   360864   NA   12.0430485687303   6036   66.9705451984828   1   1   1
"simulations/sgd_asym_weak_abs_cor_reqt"   5611.31189295433   360864   NA   12.0654515661568   6036   74.6862547746753   1   1   1
"simulations/reqtime"   5605.21393353642   360864   NA   12.1139520869631   6036   67.9054470680654   1   1   1
"simulations/sgd_asym_weak_abs_cor_tsaf"   5750.29589635928   360864   NA   12.2166107626719   6036   68.2151267663929   1   1   1
"simulations/sgd_asym_weak_abs_cor_recu"   5678.40503187363   360864   NA   12.2661792141778   6036   82.295829914143   1   1   1
"simulations/sgd_weighted_asym_weak_squared_cor_recu"   5695.0172256309   366047   NA   12.2725024325742   6036   77.1880742098074   1.01436275161834   1.01436275161834   1.01436275161834
"simulations/sgd_asym_strong_abs_cor_tsaf"   5672.79153734691   360864   NA   12.2725671212557   6036   68.4891350902035   1   1   1
"simulations/sgd_symm_abs_cor_tsaf"   5767.75548403449   541779   NA   12.3055479657927   6036   89.3839388040207   1.50133845437617   1.50133845437616   1.50133845437616
"simulations/sgd_weighted_asym_weak_abs_cor_tsaf"   5724.99082766239   360864   NA   12.3068236243202   6036   67.8914105151822   1   1   1
"simulations/sgd_weighted_asym_strong_abs_cor_tsaf"   5685.40517534085   360864   NA   12.40840969741   6036   68.3064192031844   1   1   1
"simulations/sgd_asym_strong_squared_cor_recu"   5690.89647405395   447929   NA   12.4164307742583   6036   70.9914952007073   1.2412681785936   1.2412681785936   1.2412681785936
"simulations/sgd_symm_abs_cor_recu"   5479.54787740248   1005590   NA   12.4223845074975   10366.3917525773   121.046833877319   2.78661767314002   2.78661767314002   2.78661767314002
"simulations/sgd_symm_squared_cor_tsaf"   5873.08454045058   360864   NA   12.5598281648981   6155   77.5990900156392   1   1   1
"simulations/sgd_asym_weak_squared_cor_tsaf"   5817.59412166977   360864   NA   12.6331974351013   6036   71.3564929844526   1   1   1
"simulations/sgd_weighted_asym_strong_squared_cor_tsaf"   5788.88010922638   360864   NA   12.7954453301263   6036   71.1669794095435   1   1   1
"simulations/sgd_asym_strong_squared_cor_tsaf"   5798.43299841708   360864   NA   12.9919357588082   6036   73.4788096589249   1   1   1
"simulations/sgd_weighted_asym_weak_squared_cor_reqt"   5763.0553113956   360864   NA   13.2267603469697   6036   73.6453221272099   1   1   1
"simulations/sgd_weighted_asym_weak_squared_cor_tsaf"   5843.41536629572   360864   NA   13.2572515678933   6036   70.6478857300481   1   1   1
"simulations/sgd_weighted_symm_squared_cor_tsaf"   5954.64166670652   360864   NA   13.9549651343856   9262   83.0502345117318   1   1   1
