86400
72000
86400
86400
72000
86400
86400
1800
1800
1800
1800
17040
1800
1800
1800
1800
1800
1800
1800
1800
1800
1800
10020
86400
86400
1800
1800
1800
1800
86400
1800
1800
60000
86400
86400
840
86400
840
1800
1800
1200
1200
1800
1800
1200
1200
1800
1200
1200
1200
1200
10020
1800
1800
1800
1200
7200
1800
1800
1200
840
86400
840
840
1200
1200
86400
1200
1200
1200
86400
86400
1200
86400
86400
86400
840
1200
80040
1200
1200
1200
86400
86400
1200
86400
86400
1200
54000
1200
1200
1200
8040
54000
54000
54000
54000
54000
54000
54000
54000
54000
54000
54000
54000
54000
54000
54000
54000
54000
54000
54000
54000
54000
54000
54000
54000
54000
54000
54000
54000
54000
54000
54000
54000
54000
54000
54000
54000
54000
54000
54000
54000
54000
54000
54000
54000
54000
54000
54000
54000
54000
54000
54000
54000
54000
54000
54000
54000
54000
54000
54000
54000
54000
54000
54000
54000
54000
54000
54000
54000
54000
54000
54000
54000
54000
54000
54000
54000
54000
54000
54000
54000
54000
54000
54000
54000
54000
54000
54000
54000
54000
54000
54000
54000
54000
54000
54000
54000
54000
54000
54000
54000
86400
360
86400
360
86400
86400
360
360
86400
86400
360
1200
360
360
360
360
1020
1020
1020
1020
1020
1020
600
600
360
600
360
360
360
600
1200
2040
2040
540
1020
1020
1020
1020
1020
1020
1020
1020
1020
1020
1020
1020
540
5040
5040
840
840
5040
540
540
540
540
540
60000
540
86400
540
600
600
600
600
600
600
60000
360
600
600
600
600
600
600
360
86400
86400
360
86400
86400
86400
360
840
86400
840
86400
86400
360
86400
840
360
840
86400
86400
360
360
600
600
600
600
600
600
8040
360
360
86400
600
7200
600
600
600
600
600
600
86400
600
840
10020
12000
600
600
600
600
600
600
86400
12000
840
86400
86400
86400
86400
86400
600
70020
840
840
840
360
360
360
360
360
360
3600
360
840
360
86040
840
600
600
600
600
600
600
86400
840
360
360
840
1800
1800
86400
86400
1800
86400
840
360
360
360
360
360
360
360
1800
3600
360
72000
360
360
7200
840
72000
70020
840
840
43200
1800
120
240
86400
36000
36000
840
240
840
240
7200
840
240
240
7200
240
7200
3600
1800
900
240
240
1200
240
240
1200
840
1200
86400
600
1200
1200
1020
1020
1020
12000
360
7200
360
360
7200
7200
7200
7200
360
84000
360
360
600
360
360
360
600
600
600
360
360
360
360
360
360
600
360
360
360
360
360
1020
360
360
360
600
7200
1020
86400
600
7200
600
7200
86400
7200
7200
7200
600
600
600
7200
7200
7200
7200
7200
57600
1200
120
120
86400
54000
54000
54000
54000
54000
54000
54000
54000
54000
54000
54000
54000
54000
54000
54000
54000
54000
54000
54000
54000
54000
54000
54000
54000
54000
54000
54000
54000
54000
54000
54000
54000
54000
54000
54000
54000
54000
54000
54000
54000
54000
54000
54000
54000
54000
54000
54000
54000
54000
54000
54000
54000
54000
54000
54000
54000
54000
54000
54000
54000
54000
54000
54000
54000
54000
54000
54000
54000
54000
54000
54000
54000
54000
54000
54000
54000
54000
54000
54000
54000
54000
54000
54000
54000
54000
54000
54000
54000
54000
54000
54000
54000
54000
54000
54000
54000
54000
54000
54000
54000
120
120
120
120
120
120
86400
86400
86400
86400
54000
54000
54000
54000
54000
54000
54000
54000
54000
54000
54000
54000
54000
54000
54000
54000
54000
54000
54000
54000
54000
54000
54000
54000
54000
54000
54000
54000
54000
54000
54000
54000
54000
54000
54000
54000
54000
54000
54000
54000
54000
54000
54000
54000
54000
54000
54000
54000
54000
54000
54000
54000
54000
54000
54000
54000
54000
54000
54000
54000
54000
54000
54000
54000
54000
54000
54000
54000
54000
54000
54000
54000
54000
54000
54000
54000
54000
54000
54000
54000
54000
54000
54000
54000
54000
54000
54000
54000
54000
54000
54000
54000
54000
54000
54000
54000
54000
54000
54000
54000
19440
86400
72000
54000
54000
54000
54000
54000
54000
54000
54000
54000
54000
54000
54000
54000
54000
54000
54000
54000
54000
54000
54000
54000
54000
54000
54000
54000
54000
54000
54000
54000
54000
54000
54000
54000
54000
54000
54000
54000
54000
54000
54000
54000
54000
54000
54000
54000
54000
54000
54000
54000
54000
54000
54000
54000
54000
54000
54000
54000
54000
54000
54000
54000
54000
54000
54000
54000
54000
54000
54000
54000
54000
54000
54000
54000
54000
54000
54000
54000
54000
54000
54000
54000
54000
54000
54000
54000
54000
54000
54000
54000
54000
54000
54000
54000
54000
54000
54000
54000
54000
54000
54000
86400
57600
86400
86400
86400
57600
54000
54000
54000
54000
54000
54000
54000
54000
54000
54000
72000
7200
7200
86400
7200
86400
7200
7200
7200
86040
86400
76440
86400
1800
1800
86400
1800
60
1800
7200
1800
7200
1800
1800
1800
1800
1800
1800
1800
86400
1800
1800
1800
1800
1800
1800
1800
1800
1800
1800
1800
1800
1800
1800
1800
1800
1800
1800
1800
1800
1800
1800
1800
1800
1800
1800
1800
1800
1800
1800
1800
1800
86400
86400
86400
86400
1800
1800
86400
86400
1800
1800
1800
1800
86400
86400
86400
1800
1800
1800
1800
1800
7200
7200
7200
7200
7200
7200
7200
7200
86400
86400
86400
7200
7200
7200
86400
86400
86400
1800
60
1800
1800
1800
1800
1800
1800
86400
86400
7200
86400
3600
3600
3600
3600
86400
86400
86400
86400
3600
3600
86400
86400
86400
86400
1800
7200
1800
1800
1800
86400
1200
1200
1200
1200
86400
1800
1800
1800
1800
1800
1800
1800
60
1800
86400
1800
86400
1800
86400
1800
1800
7200
86400
86400
86400
7200
1800
86400
1800
7200
1800
1800
1800
7200
3600
3600
3600
3600
7200
7200
7200
1800
7200
1800
1800
7200
7200
7200
7200
7200
7200
7200
7200
7200
7200
7200
1800
1800
86400
1800
1800
1800
