0
0
0
1
5
8
14
16
34
44
44
66
38
37
67
99
98
96
95
97
98
113
197
215
219
164
157
120
120
229
155
228
249
251
254
172
168
169
177
167
175
285
304
298
375
418
408
387
374
362
354
120
120
120
814
843
823
804
888
1167
936
936
936
936
837
837
879
855
831
785
806
772
728
751
729
710
515
511
511
510
501
489
483
483
477
477
476
482
497
498
498
487
486
486
485
484
467
462
462
461
460
476
479
498
584
565
565
697
669
610
596
595
586
582
618
681
736
692
685
671
656
639
625
611
598
591
578
569
560
548
541
530
762
711
758
60
60
806
730
881
1031
1111
1080
1081
1084
1022
1088
1088
1090
1090
1091
1092
1102
946
1033
1033
981
974
976
956
892
870
896
896
896
897
897
898
900
900
891
891
892
892
892
892
892
892
892
892
854
849
838
846
844
837
1020
1201
1165
1182
1496
2150
2079
1995
1997
1999
2160
2635
3963
3869
3784
3660
1860
2460
3856
3861
3660
2460
3949
3867
3775
3566
3481
3414
3519
3452
3386
3374
3367
3303
3240
3179
3119
3061
3003
2947
2947
2844
4451
4451
4451
4451
4452
4459
4460
4461
4172
4471
5139
5023
1020
5032
4781
4859
4762
4636
1020
4521
1020
4097
1800
4050
4022
1800
3856
3783
4467
4467
4467
3817
3817
3466
3090
3090
3090
3089
2784
2784
2784
2784
2784
2784
2626
2626
2626
2429
2429
2430
2429
2429
2337
2337
2337
2205
2205
2205
2205
2205
2205
2205
1800
2150
2150
2150
2708
1020
1800
1800
1800
1800
1800
1800
1800
1602
1602
1542
1542
1542
1543
1543
1543
1544
1544
1404
1404
1404
1404
1404
1326
1325
1325
1206
1204
1205
1204
1204
1183
1661
1684
1685
60
1463
922
922
922
1772
758
758
758
1550
671
671
671
671
659
660
660
660
660
637
636
636
1456
563
553
553
552
552
552
552
552
552
1662
1601
1378
1112
482
482
482
443
443
443
420
420
420
1032
399
399
399
365
365
365
1250
338
338
338
1224
420
1202
1591
1162
1547
1266
1636
1023
1057
1057
1057
1234
1279
1226
1206
949
935
957
1238
1216
1153
1115
1097
905
1073
914
914
865
1047
2734
2400
2684
1200
600
300
4358
3716
3715
3715
3891
3807
3149
2306
2306
2306
1800
3614
1800
3091
2928
3580
1080
1080
1080
1020
2811
2700
2925
2919
2919
2919
1080
1020
2279
2279
2279
1080
1800
1800
1020
180
180
3397
3397
3135
3135
2263
2962
300
1020
2519
900
2170
2407
2312
1800
2365
2876
2722
300
2220
2221
2683
1800
2603
2407
2575
1800
1020
1800
1800
1765
1880
1873
1855
1857
1830
1894
1778
1831
1907
2933
1712
1670
2924
3467
1776
1652
1630
1713
1695
1639
1020
1601
1800
1800
1800
1800
1800
1800
1857
1020
2549
1800
2529
2529
2097
1927
2115
2178
2149
2203
2629
2019
1800
2014
1948
2070
2023
1992
1961
2263
2226
2065
2017
1959
2007
1946
2049
3014
2916
2888
2120
2076
2035
1930
1896
1839
1838
1783
1906
2036
2008
2112
1993
1932
2089
2109
1887
2186
1859
1810
1702
2140
1646
1696
2052
1615
1713
1702
1765
1830
1646
1708
1760
1824
1887
1761
1517
1556
1887
1978
1943
1746
1784
1660
1655
1663
1816
1925
2082
1889
1837
3621
1837
2325
4383
1800
2040
3764
2040
3506
1800
3431
1020
1020
3269
3222
3239
3676
3697
3722
3746
3769
3793
3816
3837
3863
3886
3910
3931
3955
3970
3970
3970
3970
1800
1800
1800
1800
2899
1800
1800
1800
1800
1800
2809
2759
2843
3812
3815
2920
3812
3742
3742
3743
3743
3743
3743
3435
3447
3448
3448
3226
3350
3350
3350
3350
3350
3353
3450
3405
3597
3551
3488
3765
3611
3607
3607
3607
3607
3607
3607
3607
3607
3607
3607
4596
4613
4613
4613
4613
4614
4614
4614
4614
4614
4614
3255
3359
3360
5351
6009
6214
6444
3600
3600
4800
6225
6093
4800
4800
4800
4800
4800
5754
4800
4800
4689
4613
5379
5345
4478
4406
4335
4800
1800
4817
4783
2400
2460
600
300
4804
3920
3920
3920
2400
2460
600
300
4706
3549
3493
3441
4779
4954
4726
4589
4587
3600
3600
3600
4374
4739
4154
3278
3193
3193
3144
3097
4221
4361
4685
5355
5992
5473
5888
6306
6360
6406
6406
6406
6406
6406
6029
5884
5375
5355
5356
5172
5180
5158
5199
5132
5141
5175
5220
5265
5311
5356
5401
5447
1020
4957
5272
5238
5680
5726
5773
5820
5867
5914
5961
6008
6055
6097
6097
6097
1020
1020
4887
4747
5099
4900
4778
5083
5436
5478
1020
1020
1800
1020
1800
4483
4373
1800
1800
1800
600
5756
600
300
1020
4337
4112
4556
600
1800
4267
4187
600
1800
3856
600
600
3600
1800
2842
1800
2939
2889
4300
2816
3645
2679
2400
3091
2360
2360
3462
2334
2326
7140
7170
2175
1800
1800
1800
1800
3405
2180
1800
1800
60
60
1800
1800
600
600
1800
2259
1800
1800
3110
3110
1800
600
600
1800
1800
3139
3112
1983
1832
1800
2370
2329
1850
1997
2871
3483
1800
2266
1800
1800
2049
4511
1800
2104
1800
1752
1800
4180
1736
1740
1800
1800
2200
2202
2207
2830
1639
1643
1585
1589
1536
1246
1800
1800
1800
1324
1495
2498
1800
1436
1704
1686
1612
1279
1589
1800
1570
2422
2447
1289
1361
1758
1732
1526
1526
1551
1265
1222
1639
1202
1009
977
977
963
950
1356
2167
920
926
843
844
787
827
1263
810
1067
1068
1040
1418
1202
1403
1432
1489
1503
1545
937
955
1322
969
900
961
967
1103
900
1923
1200
1200
559
566
2833
1221
2793
1923
1921
869
859
1092
1200
1062
1200
1048
660
2145
1076
1089
4332
648
540
1800
1800
1800
1800
1778
540
1020
1800
1800
1020
1800
1800
1800
540
1800
4466
1800
540
2077
4446
900
2246
2006
540
1969
3698
1822
900
540
3561
1704
2799
3677
1676
840
1691
900
1707
1677
1551
840
1585
900
1554
1742
1946
1595
1562
1200
1870
900
1740
1407
2946
1521
2888
1422
1403
1385
1621
3097
1200
900
2854
900
900
1711
1446
1678
1657
1637
900
1622
1740
3120
1372
3127
1361
900
900
900
1800
900
1591
1551
1493
1535
1455
3399
1532
1448
1498
3659
1603
1536
1582
1562
1542
3571
1511
3575
3578
3403
3417
900
3425
1490
2960
900
5235
3403
1475
2892
1475
1800
3054
3300
3074
1535
1516
1446
3262
1425
1354
3195
3245
3240
1326
3184
3060
2692
2694
1494
1475
1489
2185
2191
1777
1771
1747
4030
3111
3178
4030
4022
4032
3897
1800
1800
1800
1800
1800
1800
1800
3364
4824
4742
4742
3197
3203
2246
2277
2285
2256
3492
4977
4880
2440
2376
2328
2291
2645
4075
2612
4028
2604
2569
2573
5307
5290
5295
5313
2563
2539
2534
1800
2801
1800
1800
2944
2866
3600
3600
6622
1800
1800
1800
3490
1800
1800
1800
3600
3600
6855
5747
3015
2400
3071
2949
3600
3600
3600
3278
5493
3600
4717
4683
1800
1800
1800
1800
9074
9035
9049
6659
7097
5339
5400
5391
3600
6169
5236
6742
5318
8767
5639
8640
8577
7842
7842
7852
7936
5204
1800
7838
1800
1800
5721
5836
5831
6056
6095
6441
6525
6525
6525
6706
1800
1800
9102
9045
6924
3600
5896
5821
5739
5739
5740
1800
5732
5732
5732
5732
5732
5732
5733
5684
5684
5684
5684
5685
5685
5685
5686
5686
5938
1800
1800
1800
1800
3600
1800
1800
1800
4487
3979
4833
10712
3600
10716
3600
1800
3600
4298
4687
4185
3600
2340
1200
4083
7998
4044
3600
7471
3574
3863
6944
10085
3480
3757
3394
3398
3766
3414
1800
7087
7059
1800
8332
3493
6651
8091
8091
4487
6700
1800
5447
11241
1800
1800
3861
7334
7359
6384
5259
1800
3600
3600
2340
1200
2340
3600
1800
2340
5207
3600
3600
3600
3600
3600
1800
3600
7900
3600
1800
7632
1800
7681
1800
7666
1800
1800
5443
5599
7690
8150
3600
7660
7285
7055
3600
3600
3600
3600
5187
3600
5208
5278
5227
4993
4875
4759
4689
4020
5841
5886
6059
6032
6032
5784
5711
5443
5413
5413
5253
5186
5154
5154
5154
8933
9874
8975
9497
9500
8691
8706
8008
7985
7986
9827
6760
6668
5651
1800
1800
10869
10870
1800
1800
1800
10499
10496
1800
60
1800
10363
60
8222
5737
8225
5452
3600
2340
1200
3600
60
2340
60
60
60
60
6237
14248
60
5075
1800
5194
60
60
4899
4969
8974
4826
2340
1200
9034
60
7579
5009
8077
60
1800
1800
600
2340
7606
4520
1800
600
600
3947
600
4234
4150
60
180
4259
600
1800
7376
7274
4125
180
7091
3600
1800
4098
1800
1800
3981
3912
2996
2340
1200
4002
1800
1800
3744
600
3709
2844
3707
1800
1800
3742
1800
600
600
1800
1800
1800
1800
1800
2340
600
2259
6519
600
2337
1800
600
600
2483
1800
1800
1800
1800
1800
2769
2752
1800
3066
1800
6172
5986
2598
1800
5972
1800
1800
5885
5870
5878
180
5943
5910
2154
1800
600
1800
1800
60
2546
60
2498
1800
1800
240
1800
2265
1800
2040
2407
2424
5582
240
240
2040
240
1800
1800
240
1800
1800
4855
2040
1800
4962
1800
1800
1800
1800
8416
8416
1800
240
4817
2040
1800
3600
1800
1800
4556
1800
4478
1800
3600
3600
4296
1800
1800
4186
1800
3600
1800
4067
4017
7105
1800
1800
6560
3375
6546
4152
1800
3441
3930
8063
1800
1800
1800
1800
3776
7517
1800
1800
3638
1800
3565
1800
5358
3480
1800
3600
3600
1800
3600
5267
3341
3298
3439
3360
3334
3350
3054
60
1800
1800
1800
3540
6351
1800
1800
1800
3957
3388
3824
1800
3540
1800
4008
3540
1800
1800
1800
5623
1800
7521
1800
3846
1800
1800
1800
1800
1800
4012
1800
1800
1800
1800
1800
1800
3790
1800
6827
3362
1800
1800
1800
1800
240
1800
1800
240
240
3710
240
14099
3609
14102
1800
3191
1800
1800
3245
3246
3246
3246
3333
3219
1800
1800
3487
1800
1800
1800
1800
2725
2809
2769
240
2744
240
3065
3023
2593
3044
3006
2970
2935
2604
600
2815
2788
2735
2763
2730
2700
600
2669
2638
4020
600
2594
3834
600
2532
600
2513
2484
2491
2499
1020
6672
6254
2040
2040
1800
1800
5817
1200
11145
3600
600
15534
7502
15671
15671
15690
15691
13568
15253
3540
13081
3540
3540
5304
3540
10978
9780
3540
10572
5618
3540
5629
3540
7312
3540
5400
3540
3540
3540
5661
7537
3600
3600
3600
1800
1800
1800
5780
5428
1800
1800
1800
5400
1800
6078
3540
3600
3600
3600
3540
14535
1800
3600
3600
3600
3600
6033
10895
1800
1800
11499
1800
1800
5063
9972
1800
3540
1800
900
480
1800
8932
5381
10905
8736
4237
4237
4237
4125
4125
4125
4125
3600
3600
3600
5234
4198
5400
7247
1800
4605
3600
3600
3600
7070
1800
3600
3600
3600
1800
1800
1800
1800
4729
1800
1800
12214
3507
3448
3449
3256
3256
4274
1800
4208
1800
1800
1800
1800
3462
1800
1800
1800
6899
3362
3370
3370
600
3243
3243
3202
600
3753
4266
4133
3121
3121
3121
3193
3193
3193
12599
3108
1800
1800
1200
2601
6093
2966
1800
3453
1800
1800
1800
3620
8769
3179
3179
1800
900
480
2330
600
1800
600
1800
3600
3600
3600
1800
3600
3600
3600
4387
3600
3600
3600
3600
3600
3600
420
5714
1800
4854
5400
1800
1800
1800
1800
4756
600
600
600
3600
600
600
1800
1800
4162
1800
1800
1800
1800
3723
3671
3670
9969
3677
3677
3677
1800
3600
3600
1800
1800
4060
3600
3342
3343
3343
1800
1800
3600
1800
3350
1800
1800
1800
1800
2040
1800
3012
3012
2984
2984
2984
1800
3008
3008
3008
3010
3010
3010
2040
1800
1800
2984
3167
3069
4272
4326
1800
2040
2991
3060
2921
4995
9216
5130
4142
3469
5081
9200
3417
4257
5098
2865
2867
2867
2867
5036
2920
2920
2447
2554
2502
2472
2441
1800
2413
1800
8916
6883
8248
3634
8138
2849
6876
6551
6416
2046
6448
6382
3267
3268
3218
2687
11200
2638
8039
11211
2589
3600
3600
3600
3600
4495
8259
11111
11132
5654
1800
1800
1800
1800
1800
1800
1800
1800
1800
6443
1800
1800
4192
1800
5741
1800
1800
5628
1800
1800
1800
5441
14133
3600
3600
3600
3600
15917
15948
15948
15949
16019
1800
3600
3600
3600
14642
10546
9754
3600
3600
3600
18751
18752
14858
420
6030
420
420
13614
3540
2040
3540
420
3540
2040
3540
5947
3540
6843
2040
1800
420
2040
3540
420
2040
18387
3540
6049
18463
3540
2040
1800
1800
6075
3540
6006
1800
3540
3540
1800
3600
1800
4140
9087
5466
2040
9032
1800
1800
1800
1800
10607
5524
10604
1800
1800
1800
1800
2040
3600
7733
240
10057
4957
10767
240
2040
3600
5964
6871
3600
3600
5208
5215
5215
5216
5566
5254
5432
5350
4560
1800
2040
1800
5367
1800
1800
1800
1860
1380
4868
1800
1800
1800
8404
1800
4917
1800
4476
4476
4476
4495
4495
4495
4717
1800
3600
4793
1800
1800
1800
14038
14066
1800
3600
10250
1800
1800
7470
5745
4896
1800
4762
1800
300
1200
3600
10227
120
8843
120
8802
10304
1800
8321
1800
3600
3600
8254
1800
1800
3600
1800
5009
1800
10720
9213
1800
1800
1800
5462
1800
5285
1800
10049
1800
4547
1800
3735
1800
3600
1800
4841
1800
4028
3979
3979
1800
3979
4846
4874
4789
1800
9847
5507
5507
5507
5507
5507
4560
1860
1380
120
8849
1800
1800
8810
1800
9482
1800
3515
7797
9210
120
9068
3282
1800
1800
120
120
14140
1800
120
8640
1800
1800
11629
6000
9981
1800
1800
7279
1800
10020
1800
1800
5214
1800
1800
6000
1800
5048
1800
1800
1800
5400
1800
1800
1800
7292
7292
7292
7292
7292
4560
1860
1380
22570
8640
5425
5598
8640
7901
7107
20840
6023
6177
6323
6462
4987
4987
4987
4987
4987
4560
1860
1380
5258
8640
8463
8640
12546
8640
11061
10469
10469
10469
10469
9120
4560
1860
1380
10969
9459
8640
24155
24012
7751
3600
24209
3600
14839
16251
25799
25787
8640
1800
1800
30654
30655
1800
1800
9772
8491
1800
1800
1800
1800
1800
1800
1800
10163
11258
1800
1800
4020
8612
1800
8280
1800
1800
120
120
120
9831
120
60
600
1800
600
600
600
4020
1800
1800
600
1800
1200
1800
1800
1800
1800
60
9189
1800
1800
9496
1800
9692
1800
1800
1800
21853
1800
1800
1800
10413
1800
7663
20568
16249
20421
20421
16822
11389
11634
11695
11756
11998
30323
28862
12065
7013
6856
6725
6631
6556
6497
6776
12899
6957
7134
14944
8040
21730
17771
8093
7200
7200
7200
7200
7200
16087
7200
7200
7200
7200
7200
19495
1800
1800
1800
1800
1800
1800
1800
22946
7200
7200
7200
7200
7200
1800
1800
7200
7200
7200
7200
7200
7200
7200
7200
7200
1800
1800
7200
7200
7067
1800
1800
1800
1800
1800
1800
27321
27335
27343
27363
1800
1800
1800
22085
1800
11929
12139
7200
7200
7200
7200
7200
7200
25072
7200
7200
7200
1800
1800
22282
22537
22537
22537
21000
18143
33585
10213
33714
3600
25217
7200
8088
25103
7863
7780
3600
6000
6000
7586
6000
7518
7422
8281
15034
15037
6000
9872
1800
1800
3600
12086
12401
1800
9994
7200
3600
7200
1800
1800
6000
6000
13445
1800
1800
6000
7200
6000
6000
6000
1800
19367
7200
1800
31698
1800
9328
6000
9137
6000
5040
10480
12441
11618
9270
5040
1800
6304
5040
7200
8771
7200
7200
5040
7200
8623
9296
9304
5040
11200
6000
1800
1020
20104
19688
3600
1020
3600
1800
1800
1020
1800
5040
9680
6398
6158
5859
6000
10754
20546
1800
6000
1200
3600
1200
1800
6699
3600
1200
1200
6001
1200
5967
1200
5840
5672
5692
5807
1200
1200
10851
1200
1200
6071
5783
5256
5172
6000
7417
7570
14020
7153
1800
9648
16874
9741
9797
9651
9653
9654
9652
9654
9656
9653
9656
9659
9654
9657
9660
9654
13784
16819
16819
16819
10764
3600
2340
1200
3600
1800
8125
8625
8607
8607
1800
1800
1800
6962
3600
1800
3600
8087
3600
3600
1800
1800
6000
3600
1800
3600
600
3600
6573
11568
1200
600
6000
600
1200
600
1200
5842
6165
6238
5792
13959
5792
5793
600
5440
5440
5440
6245
5822
5706
5708
5688
6006
5591
5771
5398
4847
5524
1800
1800
5483
600
1200
4430
5030
5420
600
1800
4138
1800
1200
2400
600
1200
600
3833
600
3860
3931
1800
3600
3985
1200
3953
1200
3068
2400
4108
2764
10844
3574
3647
2999
3666
5092
5123
5124
3276
3295
3813
3041
3689
8862
5105
5105
5223
5859
3058
3700
3046
1800
12181
3491
3456
3374
5210
6693
6085
6678
11320
2982
2990
3161
3230
5257
3777
4892
2798
9489
2746
2857
2862
2943
9772
3063
8708
3316
3215
3097
3997
4153
3992
3508
3254
2515
2425
2275
2532
2606
1930
1903
2340
1890
1838
1951
2430
2488
3768
4821
5197
5023
4088
3740
3115
3081
3081
3436
21377
3335
3075
3087
3095
3014
4947
3217
3171
3106
3061
3062
3062
2980
2980
2982
2955
2955
6216
3115
3069
3128
3114
3150
25195
28605
14960
15125
18098
11465
3600
11389
3600
6309
6228
13694
2400
21000
21000
7397
1200
3600
3600
2400
1200
1200
3600
16112
21000
7376
7270
21000
13734
2400
1200
1200
1200
1200
1200
1200
1200
1200
1200
1200
1200
1200
8497
8155
3600
9013
7602
7258
7020
6940
6870
6791
3600
15801
15903
15903
15903
15903
15903
15903
6627
6549
8227
3600
13194
1800
3600
5607
5504
5458
5397
5334
4811
4812
4783
3600
5389
4850
4503
6981
5228
4604
6999
4502
1800
5075
5075
5075
5075
5075
5075
5075
3600
12578
8192
8276
3976
7920
4476
3865
4278
4278
4278
4278
4278
4278
4278
3699
3660
3621
1800
1800
24595
1800
6197
1800
3600
1800
5053
3600
4159
4980
1800
5018
1800
1800
1800
3444
1200
4636
4820
5029
4704
4288
1800
3766
18396
3182
1200
1800
1800
1200
9682
1800
1200
3379
3115
1200
3050
25076
25102
10625
1800
1800
3101
3102
3602
1800
600
600
600
600
2998
2998
2998
2999
2649
2378
1800
600
600
600
1800
2461
600
600
600
600
600
600
600
600
600
600
600
600
600
600
600
1200
1200
2958
8452
1200
1200
1800
2357
1590
300
1200
1516
2270
2272
2180
1800
1839
1819
1200
1771
1794
1200
240
1773
240
1364
4044
1757
29497
2406
2331
1200
2228
2284
1800
1800
2277
2258
1200
2327
9170
8946
2444
2428
2265
2309
2310
2305
2249
4385
29356
2324
2256
2353
4358
2268
4391
4385
4003
2588
4408
2512
29546
11300
2532
240
2197
2107
1901
1902
1897
1200
1971
8938
8942
2347
2350
2300
1757
1782
2193
1200
1200
1763
2334
2264
2155
1694
2509
8700
1200
2133
1764
2066
1991
1200
8522
8520
1200
8538
8067
8067
9586
8211
7349
7439
1446
3134
3135
2849
2104
2073
2049
2038
2041
2026
2026
1866
1844
7452
1733
7238
1720
1722
1732
1596
1621
1652
1653
1721
1634
1635
1650
3508
3514
3514
3514
3514
3514
3514
1672
1673
1628
1631
1633
2574
8835
3001
2950
3195
3145
12528
12529
11571
11572
11574
2224
1200
11726
11738
2286
1200
11839
1800
19034
19036
1800
1800
11748
2591
1800
1800
1800
1800
1800
1800
2181
2179
1800
2102
2102
2081
2040
2040
1800
1800
1800
1800
1800
1800
1800
1800
1800
1800
1800
1800
1800
1800
9926
1773
1778
1758
1721
1703
1703
1529
1923
1925
1882
1878
1856
1741
1412
1625
1611
1586
1569
1550
1759
1745
1707
1707
1688
1670
1635
1635
1618
1601
1584
1842
2244
2227
2203
2153
2151
2126
2081
2081
2059
2037
1995
1996
1977
1956
1914
1913
1892
1872
1852
1813
1815
1779
1779
1759
1721
1720
1702
1666
1666
1631
1631
1597
1597
1580
1564
1547
1531
1515
1497
1467
1468
1452
1436
1420
1404
1375
1375
1347
1347
1332
1318
1304
1277
1277
1264
1237
1237
1212
1213
1202
1177
1176
1151
1149
1137
1114
1114
1102
1090
1079
1068
1046
1046
1035
1024
1003
1003
982
982
972
951
951
932
932
922
903
904
897
888
877
858
857
848
840
827
819
814
805
795
786
776
768
760
752
745
737
729
722
714
707
700
643
637
630
623
617
611
605
598
592
586
526
520
515
510
505
500
495
490
485
475
475
471
466
462
457
452
448
349
352
348
349
346
342
338
334
331
328
325
316
313
310
308
305
302
299
294
294
291
289
286
284
281
279
276
599
593
587
582
576
571
566
560
555
550
545
540
534
530
525
520
515
510
505
501
496
491
487
482
478
473
469
465
460
456
452
448
443
439
435
431
427
830
812
812
804
796
788
781
773
766
759
751
744
737
730
1147
1135
1125
1114
1093
1093
1082
1072
1061
1051
1041
1031
1021
1011
1002
992
983
973
964
954
945
936
928
919
901
901
884
25873
884
867
867
859
851
842
834
819
819
811
803
788
788
773
771
764
759
744
743
736
728
721
11302
707
833
817
818
811
804
789
789
780
772
764
757
750
742
728
728
715
715
701
701
688
688
675
676
1200
742
616
670
10453
10177
2868
6266
5606
2977
739
743
6068
1424
961
4707
2365
3153
2371
3156
2358
240
2893
1800
893
3177
894
4349
4441
4441
9166
1626
1142
1142
898
7550
2798
2059
2059
2010
2012
1167
26713
13272
4987
5055
5055
5055
5055
5055
5055
1200
1800
11339
11172
1800
3298
1800
2977
2908
2763
2538
3055
3113
600
600
600
600
600
600
600
600
600
600
600
600
600
600
600
600
600
600
600
600
600
600
600
600
600
600
600
600
600
600
600
600
600
600
600
600
600
600
600
600
600
600
600
600
600
600
600
600
600
600
600
600
600
600
600
600
600
600
600
600
600
600
3115
600
600
600
600
600
600
600
600
600
600
600
600
600
600
600
600
600
600
600
600
600
600
600
600
600
600
600
600
600
600
600
600
3084
600
600
600
600
600
3085
600
600
600
600
600
600
600
3085
600
600
600
600
3085
600
600
600
600
3085
600
600
600
600
600
600
600
600
600
600
600
600
600
600
600
600
600
600
600
600
2671
600
600
600
600
600
600
600
600
2512
600
600
600
600
600
600
600
600
2511
600
600
600
600
600
600
600
600
600
600
600
600
600
600
600
600
600
600
600
600
600
600
600
600
600
600
600
600
600
600
600
600
600
600
600
600
600
600
600
600
600
600
600
600
600
600
600
600
1540
600
600
600
600
600
600
600
600
600
600
600
600
600
1271
600
600
600
600
600
600
600
600
959
959
600
600
600
600
600
959
600
600
600
600
600
600
600
959
600
600
600
600
600
600
600
600
600
600
600
600
600
600
600
600
600
600
600
600
600
600
600
600
600
600
600
883
15120
549
528
530
5510
541
543
189
843
472
222
224
227
3154
753
470
659
662
477
471
680
332
931
694
696
121
123
697
944
510
1259
529
132
118
118
118
118
118
118
118
118
119
119
119
119
119
119
119
119
119
119
119
119
119
119
119
119
119
119
119
119
119
119
119
119
119
119
119
119
119
119
119
119
119
119
119
119
119
120
120
120
120
120
120
120
120
120
120
120
120
120
120
120
120
120
120
120
121
121
121
121
121
121
121
121
121
121
121
121
121
121
121
121
121
121
121
121
121
122
122
122
122
122
122
122
122
122
122
122
122
122
122
122
122
122
122
122
122
122
118
118
118
118
118
118
118
118
118
118
118
118
118
118
118
118
118
118
118
118
118
118
118
122
122
122
112
112
112
112
113
973
108
986
1315
515
743
854
824
967
720
967
952
937
1385
702
180
915
181
908
900
2088
711
1327
136
135
1352
516
204
1229
74
74
74
74
74
74
74
74
74
74
74
74
74
74
75
75
75
75
75
75
75
75
75
75
75
75
75
78
75
75
75
76
76
76
76
76
76
76
76
77
77
76
76
76
76
76
76
76
76
76
76
76
76
77
77
77
77
77
77
77
77
77
77
77
77
77
77
77
77
77
77
77
77
77
77
78
78
1194
92
92
1205
78
24391
694
655
47
640
584
24376
36
34
19054
914
888
844
823
1065
1018
1083
1167
563
611
490
1895
499
497
2447
1340
1289
240
346
346
346
346
345
240
96
98
142
131
7043
154
13169
172
172
761
765
765
765
765
767
767
767
767
767
767
766
766
767
767
767
767
767
767
767
767
767
768
768
767
767
767
767
767
767
824
824
824
824
824
824
824
824
825
825
3876
3836
101
101
97
97
2547
1338
33
29
37
36
1800
934
955
980
980
980
979
979
979
979
979
979
979
979
979
979
1446
1437
2676
2677
938
3915
3637
3639
600
600
600
1800
600
600
600
600
600
600
600
600
600
1779
1792
240
1789
1790
600
600
1635
1635
1636
1645
1648
13099
180
600
180
180
180
180
180
574
581
581
581
581
2574
375
375
395
396
396
600
600
1800
3715
3117
3121
3125
3129
3133
3137
3140
3144
3148
3152
3156
3160
3164
3168
3172
3176
3180
3188
3188
374
600
600
600
600
600
2476
600
600
600
600
600
2221
600
600
600
1800
600
2031
600
600
600
600
2915
600
600
4621
1800
600
1800
600
1800
2340
2340
2340
2340
1800
600
4919
5309
600
4563
5286
4593
600
4962
4932
4394
4366
4251
5627
600
6310
6322
6322
6322
6322
6322
6322
5040
4389
4623
1800
1800
1800
1800
1800
1800
1800
1800
1800
1800
1800
1800
1800
1800
1800
1800
4061
5063
3698
600
3706
3681
3786
1800
1800
1800
1800
1800
1800
1800
1800
1800
1200
1800
1800
1800
1800
1800
1800
1800
1800
1800
1800
1800
1800
1800
1800
1800
1800
600
3494
7463
3674
1800
3264
3486
600
3901
1800
3890
1800
28145
1800
1800
1800
3140
600
1800
1800
1800
1800
1800
3659
3651
1483
1488
1488
3296
1800
2944
1200
1604
1800
1800
1800
3114
1800
1800
3406
2915
14702
1465
1800
1800
1800
1800
1800
1800
1800
1800
1800
1800
1800
1800
1800
2806
1263
1263
4944
7358
6600
1048
1064
1065
1051
1562
1611
1606
2534
27990
1648
1648
6222
3277
2737
6380
2925
1197
1198
1272
1043
956
2896
926
926
926
3455
2800
2718
4344
3671
2993
20505
20550
20550
20550
20606
17198
17199
17199
17213
1553
9802
9802
9803
9803
9832
9658
1660
7749
1782
1380
1787
1604
1672
1340
1459
1578
1699
1817
1840
1942
1956
1800
1969
1986
1932
1806
27081
1924
1880
1824
1677
1703
1695
1707
1455
1397
1345
1281
1288
1246
1223
1195
1188
1177
1172
1165
1155
1155
1145
1127
1112
1097
1086
1079
1073
1077
1071
1056
756
1624
1040
1029
1020
1011
1002
1012
993
995
995
1024
998
970
944
922
909
902
895
888
877
936
930
895
873
841
831
823
814
807
1320
1311
1008
1405
1391
1378
1364
1351
1345
1222
1204
1152
1141
1118
1099
1077
1073
1091
1079
1067
1042
20544
20556
25106
25582
7842
3066
2921
2921
30496
3161
3191
7579
1790
3518
13457
20062
4442
23871
26947
1800
27081
28216
28793
29377
29944
30504
30504
31606
31604
32685
32898
30030
30709
1800
31306
31312
1200
1200
1800
1800
1800
600
19677
1800
1800
3600
1800
600
600
600
1800
10212
10285
10152
9999
1800
1800
35410
35575
60
3600
13363
18272
10649
9240
16905
1800
1800
1800
1800
35067
10707
9045
8855
8303
8197
20274
8080
7892
3600
7200
9622
1800
7200
1800
9091
8955
600
3600
420
7200
600
1800
420
600
1800
1800
9381
600
600
420
600
3600
600
8557
7622
8571
8572
600
1800
8449
8922
1800
1800
1800
33424
1800
600
600
600
600
600
600
32536
600
600
600
600
600
600
32028
600
600
600
600
600
600
600
600
600
600
600
600
600
600
600
600
600
600
600
600
600
600
600
600
600
600
600
26998
1800
27006
7446
2400
27047
7779
7546
3600
600
600
600
600
600
2400
6128
2400
600
6075
1800
5599
1800
1800
2400
2400
600
600
600
600
600
600
2400
4800
420
3600
3600
23449
5846
23454
3600
2400
3600
1200
3600
1200
1200
2400
10495
1800
1800
1800
2400
3600
1800
1800
3600
1200
3600
2400
3600
2400
2400
4755
1200
420
420
1200
840
6350
840
1800
1800
1800
840
1800
1800
5621
4377
3600
3600
3600
3600
3600
13118
5504
2340
2340
2340
2340
2340
5103
4495
3578
13475
3703
2340
2340
2340
2340
2340
3833
5059
3560
3853
3860
3861
1800
18640
1800
1800
13488
1800
1800
1800
4687
1800
2340
2340
2340
2340
2340
4686
1800
1800
4480
1800
1800
4196
1800
4130
4102
4064
4259
17894
4219
4180
1200
1200
540
1200
22833
1200
1200
1200
1800
1800
17549
17555
15381
600
1200
1020
840
600
3410
840
600
21616
1020
3764
6105
1020
6002
5943
2089
2127
2127
2127
2127
6062
1869
1870
3600
5781
1942
1942
1943
1625
1625
30092
30783
3600
2700
4353
5189
25116
3600
4020
31888
13789
13791
13710
13711
600
5711
5732
5732
600
6558
1020
1020
1020
1020
2340
2340
2340
2340
2340
2340
60
1020
2340
2340
2340
8081
60
1020
1800
2400
21977
9407
9536
8450
8331
7200
2340
2340
2340
44124
2340
2340
2340
43453
1020
43453
1020
60
7200
7200
7200
60
60
1020
1020
60
60
600
900
2340
2340
600
3600
3600
600
1020
1020
900
600
1800
9323
600
600
1020
3600
7200
1020
21029
7528
600
1020
3600
2700
600
1020
20856
20857
7452
7641
600
600
7482
3600
3600
3600
3600
5975
600
5906
120
5815
5599
3600
900
900
6866
6383
13121
21140
600
120
1800
1800
1800
10020
10527
10528
10530
120
10628
19158
9575
9582
600
9610
600
7200
7200
7200
7200
7200
7200
7200
7200
7200
7200
7200
7200
7200
7200
7200
1020
120
600
1020
600
1020
600
10280
20020
600
20020
6177
10009
7459
600
21676
10194
21424
10018
9927
9927
9927
3600
3600
10868
3600
10020
3600
10020
10713
10735
10625
3600
10435
3600
3600
3600
3600
3600
3600
10020
10327
1800
5114
7200
7200
7200
7200
7200
6085
6087
2340
1800
10020
1800
2340
7200
7200
2340
6765
10020
6677
10020
10020
2340
600
8578
8097
38386
38511
10262
19306
6435
6367
2340
2340
2340
2340
3600
3600
120
2700
2700
3600
3600
3600
3600
3600
13135
16279
16713
17129
17566
17997
17999
18001
18003
5979
5798
5998
5882
5884
5774
5743
5745
5745
5639
5653
5646
5647
5683
5679
5653
5655
5659
5659
5674
7208
7108
3600
3600
7200
7200
7200
7200
7880
6657
7086
6339
6616
12671
6706
7200
7200
7053
6844
6455
6095
1200
540
5037
5078
5589
6699
5992
7200
3600
7700
7700
3600
3600
3600
3600
3600
1200
1200
1200
1200
1200
1200
1200
1200
14954
7200
3600
3600
3600
1020
1020
12891
10795
1200
1860
3600
1860
1200
1860
6715
6555
6310
6216
1200
1200
9948
8428
7161
7177
6818
6585
6213
1200
1200
2340
2340
2340
2340
2340
2340
2340
2340
2340
2340
2340
2340
2340
2340
2340
2340
2340
2340
2340
2340
1800
1800
11033
3600
3600
41666
31053
31057
31057
31057
31097
12767
20277
20278
20278
20278
20278
2400
1260
600
300
180
8490
7200
7200
7200
7200
7200
19648
17714
23567
11515
13823
8117
7799
7259
7399
7657
7582
7339
10087
5466
5678
1844
1850
1851
1851
1851
34846
34943
34948
34959
34533
34744
34750
16638
34510
34514
34519
34522
34407
5535
5774
34746
34723
5260
34726
1800
34706
7388
34710
7200
34710
1723
7200
7200
34706
7200
7200
34714
7200
7200
7200
34531
7200
16110
7200
7200
7200
7200
7200
7200
7200
34527
4850
1014
4092
431
3622
2012
2019
2019
2019
2019
1825
1825
323
241
241
241
241
1704
5952
4871
4242
5954
5955
5891
5898
5828
1582
5834
34870
1428
1429
1429
540
106
8414
28
28
28
28
28
4507
540
9156
1800
1800
540
540
7200
1800
7200
1800
40651
540
7200
540
1800
540
9417
9271
8135
1800
6183
540
6126
5753
1800
7620
1800
1800
6005
540
5294
5246
5129
5685
977
1021
2414
2400
7858
2400
2441
7200
2540
9727
5089
29968
6470
6476
6484
6485
6485
6248
6249
6249
6250
6250
2663
6499
5452
5495
7239
5396
540
540
3394
3424
540
15723
13087
11674
32
84
84
84
84
3526
1800
11139
1800
1800
1153
11185
8120
8121
8123
8126
1221
1800
1298
16
6
6
6
6
6
1800
23223
1800
1800
1800
52
52
52
52
52
52
540
1800
540
5790
146
149
150
151
151
152
2693
952
1029
1029
1029
900
600
5936
9186
9289
5658
1800
5897
33322
22283
3600
28870
6660
6580
6582
1800
40680
28868
27187
27200
34856
31585
28424
6727
6080
6247
24514
24530
24532
24536
24537
600
24538
1800
9079
11230
600
3665
5460
10898
5063
600
3600
3600
3600
3600
600
16177
3600
16108
4680
600
4273
4076
8043
7200
11920
5575
1800
8686
6473
600
1800
600
1800
3677
3678
3514
1800
1800
1800
1800
3127
1800
3081
1800
600
7194
1800
1800
1800
1800
600
1800
1800
1800
1800
1800
1800
1800
600
1800
1800
1800
1800
1800
1800
1800
1800
6764
1800
1800
1800
4975
1800
1800
1800
1800
1800
1800
1800
6747
1800
1800
1800
1800
3604
600
1800
540
1102
988
2602
2022
540
1514
270
198
198
198
198
198
198
198
198
198
198
198
1176
1108
540
540
880
1111
1089
2356
1191
6958
6733
6357
1387
5266
5698
1800
6403
1800
6112
5814
300
900
9082
9101
3600
3171
3529
3529
900
900
12839
2700
3600
540
7200
5683
2700
900
6971
420
7200
6718
7200
1800
420
3600
3600
3600
7200
5520
5520
5520
600
11305
10941
540
7105
1800
1020
1020
3600
3600
3600
3600
6367
1020
540
600
3600
9873
10065
6300
1020
1020
1020
8163
8076
8076
8076
2700
6982
6982
8078
6776
6777
3600
3600
3600
6655
6656
1020
6629
6649
6589
6503
8170
7591
6602
1800
600
1800
60
1800
1800
1800
3600
1800
1800
2700
1800
2700
60
11699
1800
60
3600
3600
3600
7515
32556
3600
3600
3600
7224
7316
7255
7088
6435
300
60
120
7054
300
13351
6003
6727
1800
600
120
3600
6634
120
1800
5793
300
5748
6426
6299
6690
6528
6061
6061
3600
3600
3600
3600
3600
5959
3600
5791
1800
5750
9786
5311
10062
3600
9974
5672
1800
3600
4950
5321
900
5356
5322
7415
1800
9977
3600
4278
3600
6013
3600
3600
3600
14536
6693
3600
6889
14959
6238
15051
3600
5901
6866
2700
600
3600
2640
3600
17419
2640
2640
5190
1800
9594
3600
5017
1800
1800
31282
20854
7223
4423
4429
4781
4782
5123
5125
5136
5140
22097
7789
22061
6925
22143
7370
19322
8500
8519
19084
1800
1800
1800
1800
9142
1800
5258
1800
1800
6780
5163
1800
4757
1800
5035
1800
1800
1800
5574
1800
1800
5041
1800
3600
3600
3600
3600
3600
3600
10229
9508
9509
9509
7284
7284
11451
7284
7285
4212
4213
3600
26698
31157
31741
6184
7018
7016
7014
7017
11986
13158
12130
7626
7200
7200
7200
7200
7200
7200
7200
7200
7388
44144
3600
7251
1800
7441
7471
6288
48118
48406
48408
48409
48410
48411
48412
48414
48415
48369
39032
6425
48371
5415
47856
47857
47861
47863
47864
47865
47865
47866
47810
47812
600
3600
600
42649
600
31809
7000
7430
5889
5773
6396
12768
8280
45988
42904
42904
42904
42904
42904
42905
42959
6759
42336
9245
42984
5400
33800
7200
7200
6897
6900
8071
5882
5781
4874
6701
2640
13342
13409
13411
13411
13409
13412
13409
13415
18000
13424
13429
13430
13401
13401
13391
13398
13404
13391
13399
13408
2040
18000
6512
3600
3600
3600
6481
3600
6384
9318
3600
9060
9060
9060
9060
9060
3600
3600
3600
3600
3600
3600
3600
3600
3600
3600
3600
3600
3600
3600
3600
3600
3600
3600
3600
3600
3600
3600
3600
3600
3600
3600
3600
3600
3600
3600
3600
3600
3600
3600
3600
3600
3600
3600
3600
3600
3600
3600
3600
3600
3600
3600
3600
3600
3600
3600
3600
3600
3600
3600
3600
3600
3600
3600
3600
3600
3600
3600
3600
3600
3600
3600
3600
3600
3600
3600
3600
3600
3600
3600
3600
3600
3600
3600
3600
3600
3600
3600
3600
3600
3600
3600
3600
3600
3600
3600
3600
3600
3600
3600
3600
3600
3600
3600
3600
3600
3600
3600
3600
3600
3600
3600
3600
3600
3600
3600
3600
3600
3600
3600
3600
3600
3600
3600
3600
3600
3600
3600
3600
3600
3600
3600
3600
3600
3600
3600
3600
3600
3600
3600
3588
3588
3591
3596
3596
3585
3427
3429
3431
3403
3405
3407
3410
3410
3412
3414
3416
3418
3421
3423
3425
3427
3429
3429
3432
3434
3440
3443
3443
3447
3451
3455
3459
3463
3374
3378
3378
3382
3384
3378
3181
3183
3181
2939
2938
2938
2938
2939
2939
2891
2894
2897
2900
2900
2903
2906
2040
2910
2913
2916
2919
2955
2955
2958
2961
2964
2968
2971
2974
2977
17171
540
2049
2702
2706
540
540
540
1769
540
540
540
540
540
1384
29724
3600
3600
3600
3600
3600
3600
3600
3600
3600
3600
3600
3600
3600
3600
3600
3600
3600
3600
3600
3600
3600
3600
3600
3600
3600
3600
3600
3600
3600
3600
3600
2198
2205
2207
2210
2213
2216
2166
1914
1917
1655
1401
795
796
795
795
751
754
756
759
761
763
766
768
771
773
776
776
778
781
783
785
788
815
815
817
820
822
824
827
829
832
834
837
837
839
842
844
846
849
851
854
856
856
859
861
863
866
868
871
873
876
753
762
762
758
601
598
601
584
584
587
590
594
598
601
605
609
612
616
616
620
623
627
631
634
675
678
682
23553
3821
24798
39746
2783
6069
1800
1800
6548
2153
2488
2739
2740
2649
2652
913
1103
1104
1104
1104
1104
1108
1108
1109
1109
8766
7768
7781
5705
5732
14761
2795
4705
5506
3044
3047
3048
3064
2102
2102
2104
2105
1800
2142
2087
10020
2040
2490
2040
12053
2597
1800
2040
2303
2226
2040
900
7534
3600
3600
3600
3600
3600
3600
3600
3600
3600
3600
3600
3600
3600
3600
3600
3600
3600
3600
3600
900
7381
3600
5533
3600
4164
3600
900
3662
3600
3638
3600
3639
3600
3579
3580
3589
3592
3532
3533
3542
3544
3549
3551
3557
3557
3438
3439
3254
3267
3213
3214
3221
3222
3229
3230
3174
3175
3262
3285
3253
3255
1234
900
2451
2459
900
585
585
2443
2487
2488
862
11927
747
68
4366
2163
127
2104
1987
900
22725
28505
8824
112
68
61
22715
245
244
241
241
999
787
223
726
685
626
1085
620
615
23259
608
605
2039
229
220
25020
1912
537
380
17964
389
389
389
392
393
390
390
390
10020
282
10020
1720
2266
1697
9815
4304
1704
195
1572
207
251
1800
864
1200
1200
540
1200
1200
1200
1200
1200
9854
1200
840
840
840
5723
4549
5721
3600
3600
3600
3600
1800
3600
1800
1800
4734
4735
41291
3600
3600
8463
5040
14928
10899
1800
3600
8398
41086
41090
3600
3600
3600
3600
1500
1500
10800
38593
12026
45605
2040
45518
2040
11122
900
900
18493
3600
900
9281
9415
45798
900
900
1200
1200
54976
2340
2340
1200
600
2340
2340
2340
3600
2340
2340
3600
8408
3600
19318
44752
600
12047
23091
44958
17719
44720
19111
44842
44894
11728
7200
7200
7200
600
1200
2340
2340
2340
2340
2340
600
1200
1200
41096
13227
3600
52849
52767
13432
55015
19883
20241
120
3600
3600
3600
600
60
41086
40700
12592
12593
63462
63499
63513
63521
63530
63541
63552
63564
63573
63587
63597
63606
63613
63618
63628
63635
63642
63648
63656
63662
63671
63678
15188
29574
3600
3600
3600
3600
3600
3600
3600
3600
3600
3600
61150
1800
1800
60060
18497
18548
18549
3600
3600
23297
3600
7620
7620
3600
7620
7620
20592
3600
16361
3600
3600
3600
7200
7461
7462
47662
43739
26296
43611
43542
26213
3600
10391
35587
3600
3600
3600
35861
6684
6610
3600
3600
3600
3600
3600
1800
10020
3600
25749
3600
25038
7115
5133
3600
19401
240
7317
3600
2040
3600
2040
6776
7200
8076
3600
3600
3600
3600
2040
3600
2040
6834
2040
2040
540
540
540
540
540
6164
3487
3600
3600
3600
3600
1860
2764
2765
2765
1860
540
2804
2804
2708
2709
2709
1860
5875
22076
26950
7377
4740
8613
4740
7850
18333
12917
17408
3600
4740
1800
39712
31615
45030
1800
2700
2700
26196
2700
26903
26975
26983
18312
4530
34404
19616
23012
29370
21050
18000
18000
18000
13122
9150
9151
9151
9151
12059
1800
360
360
360
360
360
360
360
6875
360
360
360
360
360
360
360
360
360
360
360
360
360
1800
1800
3600
41967
41063
41063
41080
41088
41096
12913
12930
12928
9584
14525
14539
14541
14548
14555
14298
14166
1800
10965
10873
10851
10857
10857
10871
10878
10265
10233
10240
10239
10252
10259
9572
10424
1800
1800
12963
4500
15788
5993
10540
15821
24634
24322
13299
10285
29494
14431
11667
15363
12136
23603
5985
2040
10386
10386
10387
2040
35088
1800
34847
1800
1800
2040
1020
720
720
540
540
1800
540
2040
2040
1800
1800
1800
1800
2040
2040
14369
4200
14452
4200
18434
4157
5079
5080
15291
13032
12259
4440
3128
27372
16937
21886
60
60
15328
3600
3600
600
3600
3600
600
16205
3600
600
3600
600
15958
600
600
600
3600
600
600
11312
11494
1402
1502
1506
1436
1414
1385
1391
1408
1399
1388
1402
1418
1414
1424
1360
1462
240
240
240
5398
240
240
240
240
240
240
240
240
240
240
240
240
240
600
240
240
120
240
240
240
240
240
240
240
240
120
240
3600
60
240
240
5491
4454
4682
4708
1032
900
600
3118
2722
600
600
60
60
1196
1198
1198
1198
1198
900
1198
900
600
29987
60
120
60
1364
1373
1373
1373
1373
900
1373
900
600
41259
360
8627
1800
8406
8406
8406
360
360
1800
360
360
360
360
1800
360
360
1800
46401
41716
42106
15317
42314
42317
39084
43506
45612
46879
46145
46156
46231
46231
12189
360
1800
1800
47775
38119
26489
10020
23562
1800
1800
13464
13082
11006
27103
29345
12548
12104
4740
4740
9467
9469
7620
7620
7620
8223
27342
27342
26735
14769
10841
10601
10601
10601
10601
10867
11176
9547
9548
9548
8723
53023
10337
10337
10337
10337
10647
34204
38131
43289
9906
9290
9290
43310
9339
48336
11214
10908
9675
9675
9676
11156
9034
9039
7620
49930
44916
35130
8195
7200
6179
6180
6005
5968
5936
7053
36051
10829
10829
10829
9984
41502
11587
2040
1020
10592
10592
10592
9341
2040
11010
8537
51079
50677
51379
540
540
8877
540
540
540
3600
3600
3600
40275
9463
8839
8839
8107
28586
26189
8868
7535
3600
7200
3600
3600
8931
3600
3600
6607
6617
3600
8308
8308
8308
8308
35281
3600
9493
36651
8245
8245
8245
35640
28584
3600
3600
3600
3600
3600
3600
3600
3600
7558
7558
7558
6836
7170
49675
50557
9521
9521
9521
9521
46102
46200
10399
10030
10030
10126
10126
9213
9214
7964
58970
8274
8637
8637
8637
8393
8393
8393
7637
8216
9273
7661
7661
7662
360
9336
9336
8799
32372
7990
7990
7991
7423
8914
8007
7568
6911
6911
53847
54104
30408
54162
54138
46063
10020
7875
7672
7672
57549
7676
7253
45024
7315
7315
7260
7260
7181
6888
6840
6840
6684
6684
41019
3600
3600
45123
59986
60302
60222
60223
60236
60238
43952
43963
43991
6909
43995
43992
43996
43999
44003
43978
43981
17886
43985
43988
43991
43993
49707
44027
9901
15627
15628
15629
15630
10213
10189
10193
40191
10197
10198
10208
40264
7200
7200
7200
40043
7200
7200
7200
7200
7200
9753
39704
9682
39991
46218
39830
25050
25051
3600
25051
12578
6929
6926
6926
25211
25211
25211
25211
25211
25211
9865
1800
7200
7200
7200
47986
10849
7200
8724
48270
7200
5076
12681
12317
4865
4865
4866
5002
9008
5860
1800
24437
24470
120
3600
1800
27248
120
60
1800
120
9840
60
33285
23753
120
20716
60
8968
16312
7279
9100
120
14350
60
2742
1800
120
8607
7205
8596
2491
1739
120
4747
21209
3138
120
120
120
1800
16950
120
1800
1979
10647
2254
3235
3236
3236
10376
8411
360
2226
1884
1592
1593
1593
360
360
2120
120
360
732
743
19321
360
1863
120
900
360
39847
1659
1350
120
1407
120
19079
1800
7362
2678
1800
1800
1800
120
1800
1800
900
589
589
1287
120
4736
120
120
17962
120
120
1176
120
7200
17
20
1020
42
10303
15650
3897
3897
3897
3897
10628
10628
10628
1716
240
120
1541
120
682
1831
120
14803
655
60
120
60
1826
450
106
342
93
1918
1912
1860
1912
1860
900
1350
900
600
1800
120
516
1612
120
3707
1217
1217
1217
1216
1216
900
1216
900
600
524
524
524
523
523
523
523
522
522
20697
12857
3754
3754
3754
2056
2056
2056
2013
32317
1521
2394
2600
2759
2774
2661
2664
21708
4637
4637
4637
120
2510
3857
3857
3857
120
1824
2494
4686
8242
8261
8141
5547
5588
5588
3072
1800
3600
1800
3600
1800
3600
3600
3600
3600
3600
4864
4864
4864
4321
5267
5273
60
120
60
60
120
43529
120
6236
120
120
3540
60
60
120
60
3600
3600
3600
3600
3600
3540
3540
3540
3540
10800
14508
48887
1800
120
120
120
120
56092
240
240
600
600
3600
3600
3600
3600
3600
3600
3600
3600
4722
41713
900
900
1800
1800
900
1860
900
2040
3540
3540
2040
2040
600
600
600
600
600
600
600
600
600
600
600
600
600
600
600
600
600
600
600
600
600
1860
2040
600
60
2040
3599
3600
3600
3073
3073
3073
2040
25127
60
2040
555
600
600
900
29875
1800
900
600
600
135
140
1800
600
60
1800
60
600
25
600
600
600
1020
4854
600
513
600
600
600
600
1020
600
600
60
600
1800
900
600
600
5400
5400
1800
1800
1020
48337
7200
13624
68452
68475
68475
68475
51094
51173
51173
25864
3600
19391
10420
60
1020
29696
60
9714
8910
9820
3600
3600
3600
3600
28506
7200
21620
1020
60
44937
1020
7200
28595
3036
60
18757
2945
1020
60
7200
240
42698
2922
240
2042
1800
42289
42142
1800
42164
7200
420
3600
3600
3141
1800
3600
1800
4037
3995
1791
6118
3600
420
4299
5931
420
4002
600
600
600
600
600
600
600
600
600
600
600
600
600
600
600
600
600
600
600
600
600
600
600
600
600
600
600
600
600
600
600
600
600
600
3540
3540
3540
600
3540
600
600
600
600
600
600
600
600
600
600
600
600
600
600
600
600
600
1800
3600
3600
3600
3600
3600
5251
3235
3600
1800
600
600
600
3600
3600
3600
3600
3600
3600
1800
1800
1800
2859
6661
9870
44501
9764
3213
42974
33153
23813
600
600
600
600
600
600
600
600
600
600
600
600
600
600
600
600
600
600
600
600
600
9578
600
600
600
600
600
600
49131
600
18672
18240
600
600
600
600
600
600
600
600
600
10020
1772
2820
36937
9765
18071
17798
17806
3794
1439
3998
6969
3894
3864
6873
10938
3738
10237
7469
9913
9972
9695
9673
9501
9231
6897
1033
3628
2282
3418
2221
3392
3367
966
1211
1434
1434
1435
3697
2098
37303
37319
32347
37311
18477
37185
768
4366
12980
32813
13149
13149
13149
32813
21746
13149
32813
24483
24653
49166
20504
15673
24653
21739
21739
21739
42561
42561
6579
7831
22120
6814
29572
49359
29572
51443
41249
55239
41249
50762
51003
51003
41445
51003
39216
3313
51626
1800
1800
1800
1800
1800
4379
1800
6107
6101
6102
6106
1800
6113
2496
1800
2851
1343
1800
2788
2630
2630
2631
2634
2770
24453
19251
37584
27727
2815
2822
16331
2822
2822
2722
18996
3600
11764
11765
11766
11769
3540
3540
3511
3540
3600
3512
3513
2105
3527
6786
6555
38503
38162
1053
1473
1476
1531
1531
18614
6442
18581
6120
5056
3600
3600
13262
3393
3600
35281
3600
13492
3106
13293
3011
9279
7584
2902
3859
2875
2725
5657
5462
5464
3632
5476
5478
5484
5531
2817
3591
5226
5216
5163
5191
2721
2704
5225
5275
5296
5315
5323
5327
5530
5507
5509
5369
5372
5375
5394
5427
13342
13315
1802
820
820
611
879
706
706
944
1766
1683
600
642
6939
6082
6112
5486
5328
5223
5286
5473
5486
5498
4958
2425
4587
4774
4774
4774
4298
4307
4307
1343
1778
2629
1947
1947
1816
3119
1789
1789
1789
900
1792
900
900
900
1981
2032
1896
3667
1872
49367
928
18058
50060
989
60
34389
706
860
19495
60
772
11227
38772
30860
27215
27223
27229
19343
19345
19348
19353
19360
19366
14887
14886
14892
14897
14904
982
14915
14920
14916
14921
14927
14953
998
900
1295
1257
5252
5132
14002
5228
14467
14468
5215
5025
14616
4947
9322
22777
6523
992
579
563
6709
3254
1451
828
828
1800
1800
1267
22618
22592
170
165
413
414
336
10161
10601
120
120
120
5178
120
121
120
120
120
290
118
71
72
3815
8726
1800
11376
58
3770
1800
3700
1800
3737
3628
3598
6082
6475
6154
3698
6384
32440
11282
5382
1828
9117
61
16653
73
2469
126
112
96
96
2454
79
81
84
98
1589
2520
60
23965
177
60
646
223
1291
1584
1607
60
60
394
60
429
432
60
606
2520
183
197
1086
537
543
546
541
60
60
240
272
270
360
360
360
51579
46825
46918
46839
2520
360
34981
1800
60
1800
60
1800
1951
60
2520
60
60
4789
4277
3127
2501
1800
2006
1988
1969
6172
1907
1890
1873
2056
6320
5332
5327
5353
1709
60
60
35240
60
60
60
60
60
60
39674
2447
37573
33381
1800
199
252
198
247
244
33452
33513
33540
19758
33568
232
19447
582
824
897
1737
12568
900
902
889
872
859
814
800
3760
1638
1638
1638
685
704
677
885
33529
31524
29911
590
29911
29918
34098
2383
29978
29939
32962
144
22695
4284
60
4347
207
28499
11458
143
588
683
22688
15022
23137
1016
274
4200
838
4346
837
12148
1072
1351
821
3600
15363
565
1524
1551
7200
3600
3600
3600
2387
258
521
304
24851
19027
34681
4056
2378
980
1131
3419
2738
3327
3030
1192
37395
2322
2101
1961
1825
1686
7851
1678
1660
6846
19057
1620
1601
1591
1581
6510
6511
6511
1709
2288
2390
1131
4039
3743
947
2538
1329
1337
831
855
9482
9500
2437
2438
6674
6674
6674
6675
1260
1198
1128
6045
10488
6963
10165
6570
6570
6570
22247
8340
4479
5840
5840
5840
5968
7255
40957
2386
5832
5595
5595
5595
5595
5595
5595
5596
5596
5596
5596
5596
5596
5596
5596
5596
5596
5596
5596
5596
5596
5596
5596
5536
5536
5537
5537
5538
5538
5539
5540
3245
2839
2840
2840
2841
33047
33028
4721
6838
21838
5011
5011
5012
7420
55628
55623
53685
42606
42606
25077
7200
24491
19114
27406
25875
25575
13802
71308
59972
7292
18620
18409
65865
7352
65757
59873
18506
34595
65678
65600
65607
65647
8504
65649
65668
65664
65690
65685
65690
65702
65757
8340
66216
62421
62241
50937
47379
3600
47184
25688
12321
20180
8805
23560
11678
9533
15359
1800
32352
13634
7507
7451
7346
240
34340
240
7285
30903
27639
5177
240
46280
240
40523
9971
34658
9971
9971
9971
1800
4914
240
4901
240
4671
3540
240
1800
1200
3540
1800
3600
33260
7040
7040
7035
7036
7036
7037
7037
7037
7038
7038
7017
7019
7020
7022
33337
7024
7026
7028
3600
900
32477
240
240
12397
3041
3600
240
1200
240
3600
240
2903
1200
240
2643
2579
2580
2528
2527
2512
3540
6636
19688
8040
240
240
13752
11242
11246
11246
11246
11246
11248
11250
11250
240
11267
240
11233
5199
5199
27401
5199
240
240
8515
240
240
26671
19727
240
13844
38066
240
240
10040
14079
7200
8232
240
7200
4146
240
240
8133
23676
6243
3975
7200
7322
31594
6830
5712
5713
10719
1865
23441
8211
8211
8211
8383
1781
13748
11993
11995
11997
1800
23212
1639
1724
1800
1389
1423
600
7200
7200
240
240
1399
1800
916
940
600
300
4725
3600
1800
300
9166
10634
10653
10618
4843
25228
3857
300
18007
14496
1763
14527
8089
22385
20759
16467
900
43013
1200
7200
10989
3609
9965
6828
6751
1800
6785
3600
3600
50303
1800
11903
3600
1800
1800
3600
11438
11250
1200
11231
6170
6170
6170
6170
41584
11360
11384
4676
11170
11050
10937
10957
10857
3600
9600
3600
3600
1800
1800
1800
1158
1200
1456
1459
2677
1200
1800
3600
1200
6070
1280
1293
1280
1365
1549
1549
1551
900
900
600
900
4805
1200
2613
7164
7361
600
7282
7290
6526
3600
600
3600
7143
7021
7024
7027
600
3600
7117
4175
600
600
4503
4503
4503
25412
600
60
2542
4301
1331
1340
1340
1365
6791
1427
7200
13508
11419
11424
9775
7200
6056
6168
6168
6168
3540
480
480
480
5849
300
300
60
60
60
60
60
47350
51799
51801
6993
45292
33170
33171
5418
6296
4458
4458
4459
3795
38262
6603
5495
5495
5495
5495
39429
7623
8931
8941
8941
9969
9970
9970
43079
8077
36419
16722
8384
11955
11405
7620
9284
120
3600
3600
3600
3600
10041
1800
3600
3600
15156
10814
10827
3600
12665
12666
12666
12667
10417
1800
11411
27686
23458
9743
8171
8172
8172
8172
8172
8173
8173
8173
8173
7933
7933
7933
7933
7934
7934
7935
7935
7936
7936
7937
7937
7937
7937
7937
7938
7938
7939
7939
7940
7940
7233
7197
6996
6000
9771
9771
9771
3600
9552
41884
24929
24966
24966
300
300
11343
11343
11343
11409
300
300
300
300
300
300
300
120
120
120
120
10907
20014
10845
10845
10845
48745
9608
43156
43156
38621
29538
29575
29650
29765
29619
32909
32926
32951
11127
11127
11127
11127
7200
7200
7200
7200
7200
7200
7200
7200
7200
7200
7200
7200
7200
11438
120
120
120
120
120
300
300
300
360
10273
6138
6138
40656
360
40126
360
40029
40277
360
360
360
40484
360
31177
22592
9308
14028
11100
6730
6730
6731
11044
51093
51093
46937
46020
49349
40032
52437
47999
47999
47999
11460
7200
7200
7200
7200
7200
7200
7200
20338
15382
7200
9931
45193
34560
31776
30908
30924
17459
31221
10748
36627
33733
33469
33653
33472
11597
43709
44814
35543
3600
3600
2520
2520
2520
2520
2520
2520
2520
3600
2520
2520
3600
2520
3600
2520
3600
2520
2520
3600
3600
3600
3600
3600
1860
3600
1860
900
1020
1020
56471
1020
56535
1020
7200
7200
7200
7200
7200
7200
7200
56710
1020
7200
57084
41983
35973
12613
35231
35187
26922
26924
26841
29977
30114
29853
8475
3600
3600
32323
3600
9307
30135
9497
9480
8741
8351
8051
360
360
360
9132
9172
9172
50767
51008
51261
360
39235
51766
360
39800
40000
600
9175
600
32992
28542
28579
600
29179
1860
900
1860
32277
27124
31596
1800
1800
30781
1800
1800
13252
1800
32361
1800
11069
11069
11069
1800
1800
1800
10880
1800
1800
540
1800
540
540
1800
1200
7200
1800
2520
1800
2520
2520
2520
2520
1860
1800
3600
3600
3600
3600
3600
1860
3600
1860
900
11690
11690
11691
1020
1800
1800
1020
7200
1020
1020
1020
1800
1020
540
540
35252
1020
1020
48297
1020
1200
7200
7200
1020
1800
48713
48715
1800
1020
1800
4200
1800
4200
48599
48390
17979
48474
48487
8009
48436
48444
48450
21501
25275
3848
6681
6685
6688
6691
6504
6507
6510
3948
22483
1800
16176
3709
16088
3545
1800
12435
3514
1020
12405
14965
8028
1020
18619
18876
1020
1800
11334
11334
1020
7659
7659
7660
2957
7702
2810
1800
31599
1020
11046
1020
1020
1020
1020
1020
8884
1020
1020
1020
1020
1020
13960
4320
29981
540
540
540
37912
540
540
5578
540
32324
540
540
540
540
540
540
540
540
8989
8990
540
9028
540
9022
9023
9023
9025
8977
8978
540
540
540
540
540
6128
6128
6129
4320
11516
3936
7652
19722
12002
4038
356
654
654
655
656
6868
6868
6108
12614
6410
18979
18740
18740
18740
7762
11068
7024
8164
8164
8164
7070
8360
8360
8360
6456
15662
7200
7200
56076
56360
56360
37894
38178
7200
12618
9321
12600
12600
14411
3600
3600
7200
3600
13583
7200
7200
33084
3600
7200
27601
3600
22690
3600
26457
3600
3600
3600
1800
6179
16404
36805
7200
900
1800
3600
1800
3600
14278
1800
22667
1800
3600
3600
60
3600
3600
2467
17938
2472
5080
3600
1800
1800
3600
1800
3600
17867
3600
3154
29891
1888
1800
60
1800
9041
8763
15630
1440
15882
15882
1440
60
4020
1200
2794
1800
48037
1800
1800
4545
1800
1557
3600
12802
540
540
540
540
540
3726
540
540
540
1800
540
1800
49524
13119
44774
1800
5807
5811
5812
5813
5814
35572
3600
7200
7717
1800
7200
7200
3600
3600
35903
35903
7200
6527
900
1800
3600
6342
3600
52484
3600
52587
7200
1800
1800
3600
3600
33175
1800
1800
3600
3600
3600
600
1800
48651
48651
48701
1800
48583
9764
48585
48585
48585
48585
48586
48586
48586
48586
48586
48586
48586
48586
48525
48525
48525
48525
48526
48526
48526
48526
48526
48526
48526
48526
48526
48527
48527
48527
48527
48530
48530
25456
25456
1800
900
3600
9027
600
32582
9271
9272
2040
3600
3600
3600
8618
2040
8877
2040
4020
4020
31993
32004
4020
4020
4020
9419
9348
8379
8383
4020
1020
1020
1020
1020
1020
1020
1020
1020
1020
1020
1020
1020
1020
1020
1020
1020
1020
1800
1020
1020
1020
1800
1800
1020
1800
1020
1800
1800
1800
1800
1800
1800
1800
1800
1800
1800
1020
1020
1020
1800
1800
1800
1800
5136
6458
5115
