0
0
1
2
11
16
27
29
66
82
80
121
70
65
122
183
175
167
161
162
160
189
349
374
376
281
256
120
120
372
239
363
393
393
388
250
237
234
243
226
233
454
478
458
609
675
641
599
560
523
495
120
120
120
1345
1373
1305
1242
1402
1905
1512
1512
1512
1512
1213
1212
1280
1209
1143
1067
1071
982
915
929
873
862
599
579
578
575
563
536
570
570
506
505
504
560
554
555
556
523
521
521
518
514
531
465
465
463
461
496
513
540
737
661
660
925
902
792
761
758
741
726
743
908
969
935
906
867
828
787
753
720
688
667
638
617
597
572
558
534
1000
906
967
60
60
1059
887
1196
1470
1581
1501
1502
1505
1425
1504
1504
1505
1506
1507
1507
1556
1279
1365
1366
1237
1219
1217
1167
1048
984
1051
1051
1051
1052
1052
900
1053
900
1020
1027
1020
1020
1020
1020
1020
1020
900
1020
933
903
912
906
899
874
1020
1572
1450
1463
2052
3184
3055
2852
2854
2857
3192
4088
6263
5988
5737
3660
1860
2460
5847
5855
3660
2460
5972
5725
5386
4856
4564
4389
4527
4354
4188
4111
4042
3888
3740
3599
3463
3332
3207
3087
3087
2872
5972
5972
5972
5972
5974
5979
5980
5980
5441
5994
7116
6808
1020
6695
6275
6238
5989
5974
1020
5651
1020
4517
1800
4411
4558
1800
4201
4050
5315
5315
5315
4165
4165
3561
2757
2756
2756
2756
2207
2207
2207
2207
2207
2207
1961
1962
1962
1676
1676
1677
1676
1676
1550
1550
1551
1378
1378
1378
1378
1378
1378
1378
1800
1355
1355
1355
2236
1020
1800
1800
1800
1800
1800
1340
1800
722
722
668
668
668
669
670
670
670
671
554
554
554
554
554
475
474
474
376
374
375
373
373
361
1034
777
782
60
890
221
221
222
1243
68
68
68
1145
4
4
4
3
3
2
2
1
2
1
1
1
1107
29
27
27
28
28
28
28
28
28
1564
1460
1028
654
94
93
93
99
99
99
88
88
88
643
78
78
78
84
84
84
996
101
101
101
963
420
929
1537
692
1463
1095
1648
415
460
460
460
845
1164
915
886
677
655
386
1106
1068
802
747
725
309
728
365
365
585
697
4071
2400
3926
1200
600
300
7291
5883
5880
5880
6005
5728
3600
3468
3468
3468
1800
5119
1800
3600
3600
5211
1080
1080
1080
1020
3600
2700
3600
3600
3600
3600
1080
1020
3261
3261
3261
1080
1800
1800
1020
180
180
4415
4415
3853
3853
2200
3552
300
1020
2951
900
2005
2721
2514
1800
2601
3408
3096
300
2284
2271
2959
1800
2792
2520
2745
1800
1020
1738
1703
1548
1627
1401
1576
1586
1540
1637
1463
1539
1658
3720
1360
1320
3711
4741
1457
1264
1310
1412
1384
1318
1020
1254
1800
1800
1800
1800
1800
1800
1701
1020
2633
1706
2603
2603
2047
1939
2264
2419
2351
2425
3059
2061
1800
2040
1911
2102
2013
1951
1890
2349
2322
2111
2015
1922
1997
1894
2051
3609
3404
3352
2166
2079
1999
1927
1854
1743
1742
1639
1734
2077
2022
2078
1985
1864
2023
2054
1690
2133
1639
1552
1408
2084
1304
1390
1932
1264
1416
1403
1500
1598
1316
1411
1483
1580
1677
1473
1141
1209
1858
1923
1853
1574
1646
1420
1418
1437
1672
1957
2215
1897
1804
5199
1785
3308
6613
1800
2040
5437
2040
4836
1800
4626
1020
1020
4210
4088
4121
4854
4889
4932
4971
5011
5050
5089
5125
5168
5207
5247
5282
5321
5342
5342
5342
5342
1800
1800
1800
1800
2881
1800
1800
1800
1800
1800
2701
2606
2740
4411
4419
2852
4566
4395
4395
4395
4395
4395
4395
3697
3746
3747
3747
3326
3521
3521
3521
3521
3521
3523
3669
3563
3884
3779
3643
4169
3860
3857
3857
3857
3857
3857
3857
3857
3857
3857
3859
5764
5793
5793
5793
5793
5793
5793
5793
5793
5793
5793
2986
3123
3123
6778
8057
8354
8693
3600
3600
4800
8002
7683
4800
4800
4800
4800
4800
6858
4800
4800
4800
4800
6025
5973
4560
4413
4270
4800
1800
5152
5100
2400
2460
600
300
5127
3598
3598
3598
2400
2460
600
300
5083
2938
2836
2751
5126
5341
4893
4630
4627
3600
3600
3600
4316
4763
3880
2802
2665
2665
2584
2506
4113
4362
4753
6723
7790
7009
7557
8109
8182
8241
8241
8241
8241
8241
7396
7085
6159
6127
6128
5750
5731
5659
5694
5773
5583
5616
5667
5718
5769
5820
5870
5921
1020
5378
5950
5860
6363
6415
6468
6522
6575
6628
6681
6735
6787
6831
6832
6832
1020
1020
5050
4780
5108
5057
4820
5105
5464
5508
1020
1020
1800
1020
1800
4593
4361
1800
1800
1800
600
6434
600
300
1020
3608
3522
4706
600
1800
4180
4045
600
1800
3400
600
600
2614
1800
1885
1800
2148
2073
3834
1600
3065
1645
1935
2002
746
746
2836
717
1149
9990
10058
578
1800
1800
1800
1661
2815
583
1625
1559
60
60
1800
1800
600
600
893
945
874
850
2491
2491
805
600
600
1501
1455
2453
2437
652
695
1616
1564
1539
579
1148
2194
3055
1800
1224
1800
1800
529
5287
1792
985
738
795
885
4903
582
585
1352
1365
1409
1410
1414
2279
560
564
518
522
486
175
1044
1082
1055
216
202
1920
1064
361
799
761
675
283
658
1025
662
1819
1836
254
293
902
877
636
636
727
275
284
895
262
90
80
80
79
77
680
1834
74
77
16
18
530
26
645
34
428
429
425
917
620
905
929
977
989
1025
268
338
832
364
3
360
424
622
89
1777
639
499
557
513
3856
916
3791
1857
2178
377
372
717
451
637
655
625
245
2151
660
613
6728
31
540
1800
1800
1800
1720
1674
540
1020
1800
1800
1020
1800
1800
1800
540
1800
6447
1800
540
2370
6407
900
2454
2180
540
2114
4735
1835
900
540
4494
1470
3385
4745
1467
840
1473
900
1649
1444
1236
840
1442
900
1232
1639
1856
1253
1207
1200
1733
900
1558
1000
3453
1258
3283
953
929
905
1341
3773
1140
900
3330
900
900
1571
1271
1511
1474
1438
900
1409
1645
3837
1133
3842
1114
900
900
900
1636
900
1458
1393
1154
1364
1096
4279
1350
1076
1294
4743
1501
1254
1462
1425
1388
4590
1335
4593
4595
4235
4247
900
4256
1249
3676
900
7968
4304
1301
3624
1162
1800
3813
4072
3655
1044
1018
1219
3973
1179
1070
3869
3906
3899
983
3793
4005
3305
3308
1255
1223
1240
2555
2562
1804
1796
1780
5263
4026
4077
5256
5244
5255
4986
1800
1800
1800
1800
1800
1800
1800
4340
6859
6615
6615
3851
3855
2096
2153
2160
2106
4436
6713
6539
2662
2532
2434
2359
3148
5498
3069
5384
3032
2950
2952
7250
7227
7232
7249
2882
2825
2815
1800
2927
1800
1800
3520
3333
3600
3600
9348
1800
1800
1800
4365
1800
1800
1800
3600
3600
9480
7443
3174
2400
3218
3010
3600
3600
3600
3558
7677
3600
6174
6124
1800
1800
1800
1800
13129
13070
13085
9288
9911
6791
6839
6796
3600
8188
6442
8945
6537
12050
6916
11754
11613
10250
10247
10255
10329
6116
1800
10682
1800
1800
7444
7663
7526
8020
8066
8619
8810
8810
8040
7200
1800
1800
13073
12924
9001
3600
7181
6998
6807
6807
6807
1800
6787
6786
6786
6786
6786
6786
6787
6682
6681
6682
6682
6682
6683
6682
6683
6683
7201
1800
1800
1800
1800
3600
1800
1800
1800
4166
3254
4147
15106
3075
15109
3100
1800
2961
3843
3943
3645
2831
2340
1200
3478
9867
3385
2748
8933
2569
3038
8036
14043
2359
2889
2241
2244
2922
2289
1800
8423
8380
1800
10911
2480
7704
10543
10545
4247
8038
1800
5896
16032
1800
1800
3100
9317
9305
7560
4913
1800
3181
3600
2340
1200
2340
3202
1800
2340
4570
2737
2991
3600
3600
3600
1800
3600
9601
3600
1800
9176
1800
9198
1800
9097
1800
1800
5432
5837
9205
10210
3600
8985
8283
7850
3600
3600
3600
3600
5089
3600
4919
4812
4720
4332
4126
3938
3823
4020
6052
6097
6417
6376
6376
5924
5771
5255
5209
5209
4894
4768
4719
4719
4719
11911
12840
11979
12236
12241
10816
10839
9585
9548
9549
12727
7970
7754
6042
1800
1800
14403
14404
1800
1800
1800
13675
13671
1800
60
1800
13404
60
10070
5417
10071
4862
3309
2340
1200
3600
60
2340
60
60
60
60
5843
20498
60
3898
1800
3993
60
60
3621
3638
11133
3338
2340
1200
11146
60
8589
3943
8732
60
1800
1800
600
2236
8218
2897
1800
600
600
2389
600
2672
2554
60
180
2634
600
1800
7958
7798
3017
180
7537
3600
1800
2375
1800
1800
2778
2156
1098
1108
1108
2692
1800
1800
1948
600
1906
903
1875
1800
1800
2487
1800
600
600
1800
1800
1800
1755
1636
416
600
261
6866
600
327
1541
600
600
593
1486
1475
1409
1353
1366
1264
1362
1518
2170
1508
6946
6611
1476
1437
6578
1400
1362
6489
6464
6473
180
6526
6508
482
1263
600
1218
1187
60
929
60
883
1147
985
240
962
585
1004
655
1243
1131
5970
240
240
575
240
1800
1800
240
1800
1800
5759
2040
1800
5572
1800
1800
1800
1800
11814
11814
1800
240
5526
2040
1800
3600
1800
1800
5046
1800
4883
1800
3600
3600
4400
1800
1800
4195
1800
3600
1800
3964
3865
9199
1800
1800
8375
2984
8165
4125
1800
2946
3821
10225
1800
1800
1800
1800
3504
9256
1800
1800
3288
1800
3157
1800
5883
3005
1800
3108
3037
1800
2820
5742
2613
2547
2474
2363
2391
2380
2178
60
1800
1800
1800
3058
8133
1800
1800
1800
3368
2790
3201
1800
3540
1800
4089
3540
1800
1800
1800
6741
1800
10185
1800
3679
1800
1800
1800
1800
1800
3417
1800
1800
1800
1800
1800
1800
3182
1800
8816
2823
1800
1800
1800
1800
240
1800
1800
240
240
2847
240
21503
2681
21506
1800
2063
1800
1800
2555
2555
2555
2555
2577
1990
1800
1800
2381
1800
1800
1800
1800
1491
1737
1686
240
1695
240
2376
2312
1790
2357
2299
2244
2191
1806
600
2059
2021
1940
2030
1982
1938
600
1894
1850
3849
600
1778
3538
600
1673
600
1641
1603
1606
1610
1020
9000
8429
2040
2040
1800
1800
7515
1200
17285
3600
600
21000
10097
21000
23866
23883
23884
19935
23947
3540
19874
3540
3540
6415
3540
15819
13807
3540
15094
6729
3540
6774
3540
9482
3540
5400
3540
3540
3540
6605
9257
3600
3600
3600
1800
1800
1800
6444
5700
1800
1800
1800
5400
1800
6842
3540
3600
3600
3600
3540
21417
1800
3600
3600
3600
3600
6632
14878
1800
1800
15057
1800
1800
4769
12439
1800
3028
1800
900
480
1800
10588
4782
14386
10084
2833
2834
2834
2672
2672
2672
2672
3600
3600
3600
4734
2753
4961
8262
1800
3718
3220
3220
3220
7999
1800
3320
3320
3320
1800
1800
1800
1800
3824
1800
1800
16606
1569
1503
1504
1297
1297
3181
1800
3108
1800
1800
1800
1800
2004
1800
1800
1800
7498
2005
2020
2020
600
1864
1864
1817
600
2872
3269
3184
1931
1931
1931
1986
1986
1986
17778
1755
1800
1800
1180
1114
6777
1826
1774
2655
1800
1800
1800
2322
11816
1853
1854
1800
900
480
636
600
1800
600
1800
3600
3600
3600
1800
3600
3600
3600
4299
3600
3600
3600
3600
3600
3600
420
6851
1800
5407
5400
1800
1800
1800
1800
5035
600
600
600
3600
600
600
1800
1800
4085
1800
1800
1800
1800
3226
3127
3127
14202
3104
3104
3105
1800
3600
3600
1800
1800
3723
3600
2442
2445
2445
1800
1800
3600
1800
2476
1800
1800
1800
1800
2040
1800
1903
1903
1838
1838
1838
1800
1839
1839
1839
1842
1842
1842
2040
1800
1800
1831
2127
1975
3650
3816
1800
2040
2196
2242
2103
5157
12020
5511
3820
3074
5387
11961
2952
3921
5387
2005
2010
2010
2010
5261
2010
2011
1627
1863
1800
1757
1714
1800
1674
1800
11521
8771
10293
2849
10104
2013
7964
7466
7236
962
7209
7057
2047
2049
1963
1148
15790
1122
10998
15896
1105
3600
3600
3600
3600
4615
11143
15874
15908
7179
1800
1800
1800
1800
1800
1800
1800
1800
1800
7200
1800
1800
4403
1800
6552
1800
1800
6239
1800
1800
1800
5889
20922
3600
3600
3600
3600
23237
23285
23286
23288
21000
1800
3600
3600
3600
20876
14637
13214
3600
3600
3600
28860
28861
21000
420
7239
420
420
18742
3540
2040
3540
420
3540
2040
3540
6484
3540
8051
2040
1800
420
2040
3540
420
2040
26800
3540
6587
26865
3540
2040
1800
1800
6644
3540
6493
1800
3540
3540
1800
3600
1800
4140
10777
5515
2040
10640
1800
1800
1800
1800
13767
5578
13794
1800
1800
1800
1800
2040
3600
8599
240
11869
4153
13732
240
2040
3600
6020
7577
3600
3600
4747
4761
4762
4762
5295
4810
5057
4909
4450
1800
2040
1800
4838
1800
1800
1800
1860
1380
3873
1800
1800
1800
9142
1800
3923
1800
3222
3222
3222
3229
3229
3229
3597
1800
3600
3947
1800
1800
1800
18804
18847
1800
3600
12086
1800
1800
7635
5297
4127
1800
3956
1800
300
1200
2051
12112
120
10555
120
10502
13817
1800
10598
1800
3600
3600
10440
1800
1800
3600
1800
4798
1800
13612
11065
1800
1800
1800
5759
1800
5366
1800
12249
1800
4071
1800
2427
1800
3600
1800
4558
1800
3055
2980
2980
1800
2980
4481
4542
4394
1800
10020
5326
5326
5326
5326
5326
4560
1860
1380
120
10707
1800
1800
10634
1800
10020
1800
2178
8268
10020
120
10020
1542
1675
1740
120
120
19468
1800
120
8640
1800
1800
14850
6000
10020
1800
1800
8286
1800
10020
1800
1800
5286
1800
1800
6000
1800
5046
1800
1800
1800
5566
1800
1800
1800
8678
8678
8678
8678
8678
4560
1860
1380
33729
8640
5043
5809
8640
9589
8216
30650
6499
6706
6872
7027
4712
4712
4712
4712
4712
4560
1860
1380
5007
8640
8640
8640
17294
8640
14400
13466
13466
13466
13466
9120
4560
1860
1380
14065
11617
8640
35452
35188
8668
3600
35343
3600
19371
22470
37939
37841
8640
1800
1800
45728
45730
1800
1800
11381
9506
1800
1800
1800
1800
1800
1800
1800
11671
13630
1800
1800
4020
9427
1800
8764
1800
1800
120
120
120
10750
120
60
600
1800
600
600
600
4020
1800
1800
600
1800
1200
1800
1800
1800
1800
60
9844
1800
1800
10288
1800
10510
1800
1800
1800
30461
1800
1800
1800
11577
1800
7117
28090
20545
27711
27711
21678
12350
12652
12727
12804
13100
41422
39146
13107
4407
4203
4029
3897
3807
3745
4099
14272
4391
4587
16219
8040
27880
22137
6980
7200
7018
6851
6815
6664
18348
7200
7200
7200
7191
7005
23814
1800
1800
1800
1800
1800
1800
1800
30131
7200
7200
7200
6897
6702
1800
1800
7200
7200
7200
7200
7200
7200
7200
7200
6960
1800
1800
6725
6807
6457
1800
1800
1800
1800
1800
1800
38113
38137
38150
38181
1800
1800
1800
29617
1800
13189
13491
7200
7200
7200
7200
7200
7200
33755
7200
7200
7200
1800
1800
28194
28724
28724
28724
21000
21845
46570
10253
46846
3600
32946
7043
7100
32805
6717
6575
3600
6000
6000
6199
6000
6084
5930
7016
17093
17097
6000
8279
1800
1800
3600
11948
12582
1800
8838
7200
3600
7200
1800
1800
6000
6000
14495
1800
1800
6000
5801
6000
6000
5801
1800
22738
5190
1800
41997
1800
7408
5533
7462
4926
5040
9617
11925
10682
7921
5040
1800
3194
5040
7200
7265
7200
7200
5040
7200
7012
7725
7718
5040
10112
5602
1800
1020
24240
23570
2255
1020
2870
1800
1800
1020
1800
3532
7997
3687
3355
2974
3565
9727
24963
1800
4266
1200
2480
1200
1800
4213
2669
1200
1200
3593
1200
3373
1200
3212
3019
3012
3156
1200
1200
10459
1200
1200
3981
3615
2600
2551
4952
6078
6381
16083
5591
1800
9538
20599
9683
9771
9541
9544
9547
9544
9547
9550
9544
9549
9553
9546
9551
9556
9546
15498
20555
20555
20555
11620
3600
2340
1200
3600
1800
6895
7960
7931
7931
1800
1800
1800
5208
3600
1800
3600
7076
3600
3600
1800
1800
6000
3600
1800
3600
600
3600
4886
11954
1200
600
5027
600
1200
600
1200
3785
4509
4612
3711
16017
3711
3712
600
3257
3257
3257
4560
3679
3412
3415
3394
4120
3254
3793
3025
2416
3526
1781
1752
3482
600
1200
1981
2999
3729
600
915
1710
347
1200
1885
600
1200
600
1431
600
1459
1538
495
2343
1608
1113
1622
1084
269
1678
2139
59
11719
1462
1548
583
1669
3746
3828
3829
1065
1087
1958
663
1790
8933
3840
3841
3972
5108
675
1809
664
407
14501
1507
1474
1369
4146
6525
5559
6454
12658
668
683
883
982
4423
2133
4086
749
9988
639
788
769
871
10366
1022
8807
1645
1486
1314
2870
3090
2810
2102
1717
588
487
291
605
698
118
125
508
50
491
52
604
653
2996
4718
5279
4908
3483
2943
2078
2033
2032
2498
30073
2631
2248
2432
2440
2315
5339
2709
2637
2536
2464
2465
2465
2338
2338
2341
2298
2299
7377
2631
2554
2640
2617
2671
37342
42375
20905
21135
25749
15501
3600
14719
3600
8003
7837
19054
2400
21000
21000
9000
1200
3600
3600
2400
1200
1200
3600
22762
21000
8742
8511
21000
17499
2400
1200
1200
1200
1200
1200
1200
1200
1200
1200
1200
1200
1200
10124
9584
3600
10898
8632
8062
7664
7489
7332
7163
3600
20367
20595
20595
20595
20595
20595
20595
6655
6500
9135
3600
15423
1800
3600
4259
4105
4024
3933
3843
2604
2604
2553
1909
3558
2896
2373
5871
3350
2357
5945
2237
1800
3183
3183
3183
3183
3183
3183
3183
1189
14052
7877
8029
1451
7433
2331
1346
2033
2033
2033
2033
2033
2033
2033
1140
1119
1097
1800
1800
31966
1800
5374
1800
1648
1093
3789
1558
2291
3698
1076
3743
945
840
820
1327
1200
3185
3575
3791
3406
2442
1065
1766
22781
886
916
1800
1800
784
10585
1800
744
1357
1018
808
1003
33009
33068
11345
1800
1800
1183
1185
2157
1679
30
362
328
328
1333
1334
1334
1335
584
302
1800
110
106
106
1800
735
521
443
444
451
444
445
462
445
446
454
446
447
450
447
448
1109
681
2004
9931
675
662
375
1097
240
300
201
371
977
979
893
1800
452
442
339
431
483
293
240
444
240
346
3579
522
41847
1330
1299
1059
1175
1268
1084
1085
1321
1292
993
1379
10523
10176
1671
1646
908
1506
1509
1500
1190
4268
41940
1529
1426
1183
4173
1075
4222
4211
3690
1874
4235
1763
42194
14471
1826
240
1073
951
637
639
631
558
743
10033
10039
1254
1258
1182
114
166
1095
638
538
218
1349
1049
901
189
1476
9799
625
1114
329
1027
927
564
9558
9569
551
9597
8794
8795
11694
9071
7835
8069
8
2828
2828
2391
1324
1273
1283
1266
1271
1239
1239
1029
996
8110
830
7783
830
834
849
688
750
802
804
922
789
791
813
3118
3130
3130
3130
3130
3130
3130
847
849
791
795
866
2310
10458
2672
2630
3061
2964
15882
15883
14419
14422
14424
1600
1200
14646
14665
1726
1200
14819
1800
26959
26963
1800
1800
15589
2155
1800
1800
1800
1800
1800
1800
1239
1238
1800
1136
1137
1115
1072
1072
1800
1800
1800
1800
1800
1800
1800
1800
1800
1800
1800
1800
1800
1800
12520
630
642
627
602
589
590
446
963
965
921
917
894
759
361
648
640
617
603
588
845
838
802
802
785
768
737
737
722
707
692
1219
1922
1892
1852
1770
1767
1726
1654
1654
1619
1585
1520
1522
1493
1461
1398
1397
1367
1338
1310
1256
1258
1209
1209
1181
1132
1130
1106
1061
1061
1017
1017
975
975
955
935
916
897
878
857
824
826
808
790
773
756
725
725
696
695
681
667
653
626
626
614
589
589
565
567
558
536
534
511
510
499
479
479
469
460
450
441
424
424
415
407
391
391
375
375
368
353
354
340
340
333
320
322
319
313
305
292
290
285
279
270
265
265
260
252
246
240
235
231
226
222
217
214
209
205
202
198
63
62
61
60
59
58
58
57
57
56
78
76
74
72
70
68
67
65
63
59
59
58
56
54
52
51
49
132
128
119
116
114
113
111
110
107
105
102
105
102
100
97
95
92
90
85
86
83
81
79
77
75
73
71
578
567
557
546
536
526
516
507
497
488
479
470
461
453
444
436
428
420
412
405
397
390
383
376
369
362
356
349
343
336
330
324
319
313
307
302
296
1047
1007
1007
988
969
950
931
913
896
879
862
845
829
813
1620
1588
1557
1528
1470
1470
1440
1413
1385
1358
1332
1306
1281
1256
1232
1209
1186
1163
1140
1118
1097
1076
1055
1035
995
995
958
37651
958
922
921
904
886
869
853
821
821
805
790
760
760
732
733
720
709
682
681
667
654
641
16029
617
796
766
767
754
741
714
713
697
683
670
657
645
632
609
609
586
586
564
564
543
543
523
525
1154
632
444
517
14711
14289
3489
8891
7901
3707
448
457
8637
1384
718
6511
3094
4034
3104
4039
3037
240
3598
1800
642
3968
644
5446
5649
5649
13103
1714
999
999
641
10023
3322
2485
2486
2412
2414
1029
38497
18829
6287
6439
6439
6439
6439
6439
6439
1200
1800
15206
14768
1742
3888
1800
3699
3567
3253
2913
3426
3553
600
600
600
600
600
600
600
600
600
600
600
600
600
600
600
600
600
600
600
600
600
600
600
600
600
600
600
600
600
600
600
600
600
600
600
600
600
600
600
600
600
600
600
600
600
600
600
600
600
600
600
600
600
600
600
600
600
600
600
600
600
600
3556
600
600
600
600
600
600
600
600
600
600
600
600
600
600
600
600
600
600
600
600
600
600
600
600
600
600
600
600
600
600
600
600
3484
600
600
600
600
600
3486
600
600
600
600
600
600
600
3486
600
600
600
600
3487
600
600
600
600
3487
600
600
600
600
600
600
600
600
600
600
600
600
600
600
600
600
600
600
600
600
2610
600
600
600
600
600
600
600
600
2306
600
600
600
600
600
600
600
600
2306
600
600
600
600
600
600
600
600
600
600
600
600
600
600
600
600
600
600
600
600
600
600
600
600
600
600
600
600
600
600
600
600
600
600
600
600
600
600
600
600
600
600
600
600
600
600
600
600
867
600
600
600
600
600
600
595
594
594
594
595
595
595
595
595
344
344
344
344
344
344
344
344
344
344
344
344
344
344
344
344
344
344
345
345
345
345
345
345
345
345
345
345
346
346
346
346
346
347
347
347
347
347
347
347
347
347
209
209
209
209
205
205
205
205
899
21699
65
514
517
7004
495
498
36
803
98
8
12
15
3748
686
87
549
553
67
59
602
206
1805
735
738
87
81
744
1791
35
1310
75
40
63
63
63
63
63
63
63
63
62
62
62
62
62
62
62
62
62
62
62
62
62
62
62
62
62
62
62
61
61
61
61
61
61
61
61
61
61
61
61
61
61
61
61
61
61
60
60
60
60
60
60
60
60
60
60
60
60
60
60
60
60
60
60
60
59
59
59
59
59
59
59
59
59
59
59
59
59
59
59
59
59
59
59
59
59
57
57
57
57
57
57
57
57
57
57
57
57
57
57
57
57
57
57
57
57
57
51
51
51
51
51
51
51
51
51
51
51
51
51
51
51
51
51
51
51
51
51
51
51
45
45
45
43
43
43
43
42
1786
103
1678
1603
209
930
1076
1028
1634
881
1630
1589
1550
1742
891
258
1497
260
1474
1445
2372
896
1648
192
189
1683
245
233
1482
66
67
67
67
67
67
67
68
68
68
68
68
68
68
68
68
68
68
68
68
68
69
69
69
69
69
69
73
69
69
69
70
70
69
69
69
69
70
70
71
71
70
70
70
70
70
70
70
70
71
71
71
71
71
71
71
71
71
71
71
71
71
71
72
72
72
72
72
72
72
72
72
72
72
72
73
73
1420
97
97
1444
83
35547
850
770
18
752
666
35511
4
2
27161
939
895
832
796
1518
1446
1535
1644
883
486
738
2662
770
768
3669
1933
1855
240
547
547
546
546
546
240
349
352
282
264
7200
297
19076
355
355
1143
1151
1151
1152
1152
1159
1159
1157
1157
1158
1158
1157
1157
1157
1157
1157
1158
1158
1158
1158
1158
1158
1159
1159
1158
1158
1158
1158
1159
1159
1265
1265
1265
1265
1265
1265
1265
1265
1266
1266
5454
5344
317
316
311
311
3739
1334
208
114
103
187
1800
1318
467
524
524
524
526
526
526
526
526
526
526
526
526
526
1800
1800
3756
3759
1286
5521
5097
5101
600
600
600
1800
600
600
600
600
600
600
600
600
600
1800
1800
240
1800
1800
600
600
1800
1800
1800
1800
1800
17606
180
600
180
180
180
180
180
353
369
369
369
369
3374
78
78
110
110
110
600
600
1800
4856
3952
3958
3964
3970
3976
3982
3987
3993
3999
4005
4011
4017
4023
4028
4035
4041
4046
4059
4059
44
522
575
563
489
487
2998
427
415
405
395
387
2621
381
338
324
1800
270
2330
600
600
600
600
3721
600
600
6249
1800
600
1800
600
1800
2340
2340
2340
2340
1800
600
6494
7059
600
5935
7002
5767
600
6411
6292
5482
5393
5172
7138
600
7972
8001
8001
8001
8001
8001
8001
6269
5194
5628
1800
1800
1800
1800
1800
1800
1800
1800
1800
1800
1800
1800
1800
1800
1800
1800
4427
5876
3824
600
3832
3795
3953
1800
1800
1800
1800
1800
1800
1800
1800
1800
1200
1800
1800
1800
1800
1800
1800
1800
1800
1800
1800
1800
1800
1800
1800
1800
1800
600
3374
9421
3638
1800
3015
3297
600
3954
1589
3919
1564
40992
1533
1504
1475
2800
600
1393
1325
1800
1800
1169
4014
4002
676
688
688
3427
1202
2928
1200
825
1006
1800
1800
3168
1800
1164
3566
2816
18855
585
1156
1156
1156
1157
1157
1157
1157
1160
1158
1158
1158
1159
1158
2653
344
344
5514
9166
7966
50
29
26
31
501
618
611
2272
40147
735
735
7328
2958
2632
7576
2939
322
323
424
92
25
2884
65
64
64
3250
2782
2649
5040
4080
3071
27055
27151
27151
27151
21000
21000
21000
21000
21000
109
11256
11257
11258
11259
11301
11037
17
8247
142
270
855
58
722
388
229
72
85
242
973
407
428
431
442
467
420
295
37813
451
439
384
880
920
908
935
654
585
519
135
193
148
129
104
109
107
116
119
118
133
131
119
111
102
99
102
106
125
129
120
303
1233
137
133
131
129
129
155
139
142
142
219
193
163
137
116
107
108
109
109
104
202
200
161
138
102
97
96
92
92
1137
1123
649
1283
1259
1235
1211
1187
1174
692
667
600
588
563
540
513
513
545
532
521
490
28819
28837
35351
36144
10242
3420
3203
3203
43853
3552
3598
9722
1406
3705
18487
27947
5583
33689
38256
1800
38439
40567
41650
42738
43779
44798
44798
46770
46765
48659
49152
44927
46023
1800
47009
47021
1200
1200
1800
1800
1800
600
27944
1800
1800
3600
1800
600
600
600
1800
14520
14641
14633
14296
1800
1800
49896
50312
60
3600
18210
25177
14250
12337
23729
1800
1800
1800
1800
48921
13732
11673
11387
10425
10181
27383
9000
9000
3600
7200
12013
1800
7200
1800
10615
10346
600
3600
420
7200
600
1800
420
600
1800
1800
10856
600
600
420
600
3600
600
9060
7189
9089
9091
600
1800
8859
9976
1800
1800
1800
44806
1800
600
600
600
600
600
600
43465
600
600
600
600
600
600
42693
600
600
600
600
600
600
600
600
600
600
600
600
600
600
600
600
600
600
600
600
600
600
600
600
600
600
600
35759
1800
35770
7728
2400
35828
8771
8419
3600
600
600
600
600
600
2400
5453
2400
600
5396
1800
4748
1800
1800
2400
2400
600
600
600
600
600
600
2400
4800
420
3600
3600
30375
4949
30383
3600
2400
3600
1200
3600
1200
1200
2400
12142
1800
1800
1800
2400
3600
1800
1800
3600
1200
3434
2400
3441
2400
2400
3332
1200
420
420
1200
840
5886
840
1800
1800
1757
840
1706
1707
4254
2681
3600
3600
3600
3600
3600
14163
4385
356
875
875
875
875
3811
3027
1831
14955
1998
830
831
831
831
953
2188
3679
1844
2268
2277
2280
1800
23560
1800
1800
15381
1800
1800
1800
3566
1800
763
767
768
768
768
3575
1800
1800
3188
1800
1762
2998
1800
2958
2904
2851
3222
22470
3162
3104
1200
1200
540
1200
28366
1200
1200
1200
1800
1800
20833
20842
17774
600
1200
1020
840
275
1685
840
278
28209
1020
2477
5625
1020
5948
5834
320
412
412
412
412
5961
16
18
3600
5556
184
184
186
215
214
40650
41658
3600
2700
3993
5230
31716
3600
4020
42868
17866
17869
17537
17538
600
6186
6218
6219
600
7162
1020
1020
1020
1020
2340
2340
2340
2340
2340
2340
60
1020
2340
2340
2340
9427
60
1020
1800
2400
28416
10672
11010
9490
9245
7200
2340
2340
2340
61005
2340
2340
2340
59982
1020
59982
1020
60
7200
7200
7200
60
60
1020
1020
60
60
600
900
2340
2340
600
3600
3600
600
1020
1020
900
600
1800
9402
600
600
1020
3600
6764
1020
25629
6520
600
1020
3600
2700
600
1020
25555
25557
6438
6559
600
600
6293
3600
3600
3600
3600
4222
600
4101
120
3983
3691
2829
900
900
5655
5034
14689
25534
600
120
1800
1800
1800
10020
10435
10437
10439
120
11082
22667
9550
9559
600
9597
600
7200
7200
7200
7200
7200
7200
7200
7200
7200
7200
7200
7200
7200
7200
7200
1020
120
600
1020
600
1020
600
9794
24033
600
24033
4707
10111
5990
600
26090
9770
25533
9380
9185
9185
9185
3600
3600
10816
3600
10020
3600
10020
10443
10474
10237
3600
10037
3600
3600
3513
3513
3513
3513
10020
9916
1800
2719
7200
7200
7200
7200
7200
3445
3448
848
1800
9178
1800
941
7200
7200
361
4488
9846
4389
9677
9094
331
276
7555
6706
48446
48761
9824
21648
4268
4176
2340
2340
2340
2340
3600
3600
120
2700
2700
3553
3600
3214
3214
3139
14843
19532
20068
20570
21111
21643
21646
21649
21652
4285
4025
4296
4127
4130
3975
3930
3932
3932
3789
3807
3797
3797
3848
3841
3803
3806
3812
3811
3832
6146
5873
1757
1853
7200
7015
7025
7016
7048
5200
5946
5006
5301
13802
5410
6908
6654
6006
5679
5143
4699
1200
540
3408
3460
4257
5756
4816
6687
3600
7228
7228
3600
3600
3600
3600
3600
1200
1200
1200
1200
1200
1200
1200
1200
17634
7200
3600
3600
3600
1020
1020
14936
11861
1200
1860
3600
1860
1200
1860
6813
6643
6274
6110
1200
1200
11520
9489
7200
7200
6750
6375
5848
1200
1200
2340
2340
2340
2340
2340
2340
2340
2340
2340
2340
2340
2340
2340
2340
2340
2340
2340
2340
2340
2340
1800
1800
12732
3600
3600
55800
40413
40422
40422
40422
40462
14372
25368
25371
25371
25371
25371
2400
1260
600
300
180
8197
7200
7200
7200
7200
7200
22646
18523
27598
10808
12990
6886
6180
5744
5907
5989
5909
5785
8881
2802
3467
1917
1901
1901
1900
1900
42761
42987
42992
43004
42778
42939
42945
18269
42405
42407
42412
42414
42428
2758
3427
42677
42641
2756
42660
1800
42626
5817
42631
5842
42628
2033
5844
5847
42618
5852
5853
42626
5858
5861
5761
42543
5770
17240
5851
5855
5584
7200
5588
5591
5594
42342
2193
2340
1064
2340
551
2101
2085
2085
2085
2085
2238
2238
2340
2340
2340
2340
2340
2155
4260
2747
1845
4319
4320
4229
4239
4096
2252
4104
42335
2449
2448
2447
540
2340
7423
2340
2340
2340
2340
2340
2407
540
9550
1702
1800
540
540
7200
1800
7200
1800
52963
540
7200
540
1800
540
10552
10261
7480
61
5835
540
5787
5276
354
7620
675
784
5622
540
4228
4143
4023
5224
1682
1534
116
352
6909
242
151
6948
50
8998
3712
38198
5066
5073
5086
5087
5087
4481
4481
4483
4484
4484
4
4641
3961
4051
5729
3489
253
522
1507
1514
540
17443
14203
12270
2322
2199
2199
2199
2199
1673
1702
11503
195
287
1311
11607
7218
7221
7223
7227
1180
570
976
2192
2169
2169
2169
2169
1200
204
29433
328
209
224
2150
2150
2150
2150
2150
1200
540
254
540
5421
1261
1254
1253
1251
1251
1250
1549
333
512
512
512
512
512
6760
11283
11517
6537
1800
7039
44974
29046
3600
38516
7200
7200
7200
1800
54443
38441
34881
34913
46075
43712
37221
7200
6718
7178
30905
30928
30931
30936
30938
600
30939
1800
10715
13593
600
3150
5558
12958
4848
600
3313
3600
3600
3600
600
17605
3353
17548
3901
600
3335
3077
8371
7200
12232
4041
1800
7895
5420
259
39
310
1473
1733
1734
1458
1406
1407
1027
1009
959
997
916
978
600
7186
990
990
917
922
600
939
940
941
651
574
591
522
600
436
437
439
439
1800
431
429
424
6565
418
419
421
3609
443
372
373
375
1800
385
389
6561
406
407
411
360
2013
600
1800
538
1275
1312
851
133
540
431
2266
2100
2100
2100
2100
1860
2100
1860
900
1860
900
600
791
805
540
540
1181
652
671
973
395
7980
7627
7121
118
5619
6193
1800
7375
1800
6942
6516
300
900
10330
10374
3600
1927
2770
2770
900
900
14992
2700
3600
540
7200
5339
2700
900
7741
420
7200
7149
7200
1800
420
3600
3600
3600
7200
5520
5520
5520
600
12914
12197
540
7143
1800
1020
1020
3600
3600
3600
3600
5481
1020
540
600
3600
10853
10323
5335
1020
1020
1020
7786
7671
7671
7671
2700
6188
6188
7384
5818
5820
3341
3344
3344
5611
5612
1020
5515
5538
5432
5286
8003
6514
5259
1800
600
1800
60
1800
1800
1800
2938
1800
1800
2700
1800
2700
60
13046
1800
60
3600
3600
3600
7848
40783
3600
3600
3600
7343
7409
7380
7118
5978
300
60
120
6932
300
15914
5267
6424
1800
600
120
3600
6190
120
1800
4806
300
4719
5817
5609
6177
6002
5305
5305
3600
3600
3600
3600
3600
5129
2487
4826
1800
4753
10188
4006
10796
3600
10640
4581
1800
3468
3392
4075
900
4131
4108
7034
1800
9878
2422
2226
3600
4392
3600
3600
3600
16754
5780
3501
5952
16589
5191
16716
3547
4796
6127
2700
600
3442
2640
3475
19327
2469
2469
3518
1800
9297
3346
3251
1800
1800
38243
24878
6405
2739
2752
3114
3115
3589
3591
3608
3614
26891
7613
26811
6615
26909
7447
22285
8155
8192
21738
1800
1800
1800
1800
8944
1800
3908
1800
1800
5848
3774
1800
3092
1800
3625
1800
1800
1800
4044
1800
1800
3731
1800
2019
1927
1973
1894
2160
2392
10887
9740
9741
9741
6836
6836
12036
6837
6837
2825
2826
2129
34108
37663
38695
6161
7197
7194
7193
7196
13754
15354
13687
7857
7200
7200
7200
7200
7200
7200
7200
7200
7524
55178
3600
7522
1800
7438
7524
5911
60746
61408
61410
61412
61414
61416
61417
61419
61420
61335
49497
6308
61337
4083
60029
60031
60037
60039
60040
60042
60042
60044
59967
59969
600
3600
600
55832
600
39033
6444
7419
5135
4772
5867
15171
8818
60290
54338
54338
54339
54339
54339
54339
54414
6850
53691
10201
54362
5400
41154
7200
7200
6534
6539
8195
5234
5030
3964
6285
2640
15039
15193
15195
15195
15193
15197
15193
15201
18000
15213
15220
15216
15162
15162
15149
15159
15166
15149
15160
15172
2040
18000
6264
3600
3600
3600
6178
3600
6010
10092
3600
10042
10042
10042
10042
10042
3600
3600
3600
3600
3600
3600
3600
3600
3600
3600
3600
3600
3600
3600
3600
3600
3600
3600
3600
3600
3600
3600
3600
3600
3600
3600
3600
3600
3600
3600
3600
3600
3600
3600
3600
3600
3600
3600
3600
3600
3600
3600
3600
3600
3600
3600
3600
3600
3600
3600
3600
3600
3600
3600
3600
3600
3600
3600
3600
3600
3600
3600
3600
3600
3600
3600
3600
3600
3600
3600
3600
3600
3600
3600
3600
3294
3283
3285
3287
3279
3057
3059
3061
2844
2844
2846
2847
2849
2850
2852
2854
2855
2857
2874
2877
2880
2883
2887
2890
2893
2893
2896
2899
2902
2906
2909
2762
2750
2746
2386
2386
2381
2373
2376
2376
2176
2178
2178
2181
2183
2185
2188
2190
2192
2195
2195
2197
2166
2169
2172
2176
2179
2183
2186
2151
2151
2154
2161
2161
2149
1964
1967
1970
1938
1941
1944
1947
1947
1950
1953
1956
1959
1962
1965
1968
1971
1974
1974
1977
1980
1965
1971
1971
1976
1982
1987
1992
1998
1898
1903
1903
1908
1911
1907
1695
1698
1698
1456
1456
1456
1456
1459
1459
1414
1419
1423
1427
1427
1432
1436
2040
1440
1445
1449
1453
1502
1502
1506
1511
1515
1519
1524
1528
1532
18000
540
135
809
815
540
540
540
200
540
540
540
540
540
458
35211
3600
3600
3600
3600
3600
3600
3600
3600
3600
3600
3600
3600
3600
3600
3600
3600
3600
3600
3600
3600
3600
3600
3600
3600
3600
3600
3600
3600
3600
3600
3600
1191
1197
1201
1205
1209
1213
1108
781
784
463
152
1188
1186
1186
1186
1263
1260
1256
1253
1250
1246
1243
1240
1237
1233
1230
1230
1227
1223
1220
1217
1213
1177
1177
1174
1171
1167
1164
1161
1158
1154
1151
1148
1148
1144
1141
1138
1134
1131
1128
1125
1121
1121
1118
1115
1111
1108
1105
1102
1098
1095
1156
1144
1143
1146
855
858
854
814
814
809
805
800
795
790
785
780
775
770
770
765
760
755
750
745
691
686
681
28590
3622
31069
49787
1531
6657
1650
1458
7710
1516
1894
2187
2189
2067
2070
130
788
790
790
790
790
795
795
795
796
9398
8355
8371
5333
5875
18253
2165
4673
5696
2434
2438
2439
2460
1198
1199
1200
1202
1800
1246
1176
10020
2040
801
2040
13227
861
860
2040
526
446
2040
424
6980
3600
3600
3600
3600
3600
3600
3600
3600
3600
3600
3600
3600
3600
3600
3600
3600
3600
3600
3600
188
6944
3600
4572
3241
2699
2133
900
1894
1896
1863
1864
1889
1890
1775
1777
1788
1792
1679
1681
1693
1695
1702
1704
1711
1711
1493
1494
1371
1389
1288
1289
1299
1301
1309
1310
1209
1210
1231
1230
1156
1159
1565
900
160
178
900
1801
1801
1074
1176
1177
900
12264
900
900
2998
37
900
32
57
900
26919
34927
9187
1577
1477
1470
27107
1785
1783
1780
1779
835
900
1639
900
900
900
598
900
900
28051
900
900
584
1469
1450
28930
462
900
1764
20106
900
1729
900
900
1189
1170
1170
1170
10020
900
10020
80
1027
64
10020
3501
38
900
75
900
900
1235
1518
1200
1200
540
1200
1200
1200
1200
1200
11808
1200
840
840
840
5890
5421
7073
3600
3600
3600
3600
1800
3600
1800
1800
5622
5624
52780
3600
3600
10342
5040
18560
12855
1800
3600
9998
52535
52540
3600
3600
3600
3600
1500
1500
10800
48389
15402
59184
2040
58958
2040
14042
900
900
23139
3600
900
10704
11016
57593
900
900
1200
1200
69086
2340
2340
1200
600
2340
2340
2340
3600
2340
2340
3600
9086
3600
23777
55464
600
14000
27063
55729
20634
55086
23236
55224
55292
13264
7200
7200
7200
600
1200
2340
2340
2340
2340
2340
600
1200
1200
49871
14714
3600
64070
63909
14924
66321
21720
22597
120
3600
3600
3600
600
60
45786
44876
11625
11627
74104
74188
74203
74211
74220
74233
74244
74256
74266
74281
74292
74301
74310
74317
74329
74338
74346
74354
74364
74372
74384
74393
13962
30854
3600
3600
3600
3600
3600
3600
3600
3600
3600
3600
71517
1800
1800
70489
18248
18368
18369
3600
3600
23361
3600
7620
7620
3600
5321
5326
20108
3600
15100
3600
3600
3600
4322
4324
4325
52954
48006
26231
47881
47819
26161
3600
8147
37301
3600
3600
3600
37563
3157
3095
3600
2967
3485
3508
3534
1800
10020
2482
26017
1742
25283
3783
1603
3600
18199
240
3708
1095
2040
3038
2040
2804
5025
4390
3210
2176
1532
1234
2040
1171
2040
3490
2040
2040
540
540
540
540
540
3359
34
359
359
359
359
512
459
457
457
457
540
374
374
328
326
326
326
2970
24037
30059
6302
4740
7686
4740
6694
19524
13180
18108
3600
3951
1800
44897
34894
50141
1800
2700
2700
27766
2700
29464
29537
29548
18475
2689
36937
20735
24263
33104
22281
18000
18000
18000
13602
7871
7873
7873
7873
11052
1800
360
360
360
360
360
360
360
5280
360
360
360
360
360
360
360
360
360
360
360
360
360
1800
1800
3600
44858
43663
43663
43679
43686
43692
10997
11015
11009
5373
11788
11803
11802
11807
11812
11306
11086
635
7286
7164
7130
7135
7135
7144
7149
6385
6340
6345
6344
6353
6358
5240
6584
108
83
9572
1939
12002
1435
6845
12169
22936
22354
9856
6267
28140
11844
8745
13278
9260
21635
2368
2040
7851
7853
7853
1631
36438
1800
38217
1800
1800
2040
1020
720
720
540
540
1800
540
2040
2040
1800
1800
1800
1800
2040
2040
13736
2797
13747
3333
17752
1273
2067
2068
14475
11063
11162
1283
106
28078
15715
21103
60
60
13662
313
1130
111
973
977
28
14893
890
199
1091
95
14497
196
192
230
2661
75
86
9708
9919
1875
1565
1561
1597
1581
1574
1566
1504
1477
1451
1383
1322
1294
1242
1351
1268
240
240
240
3451
240
240
240
240
240
240
240
240
240
240
240
240
240
600
240
240
120
240
240
240
240
240
240
240
240
120
240
3600
60
240
240
3682
2496
3128
3182
741
727
600
1062
663
424
416
60
60
459
454
454
454
454
454
454
454
454
33516
60
120
60
91
71
71
71
71
71
71
71
71
48067
360
9905
1800
9667
9667
9667
360
360
1800
360
360
360
360
1800
360
360
1800
56670
49254
49460
17678
49793
49798
44815
49831
53023
54511
56228
56252
56337
56337
14538
360
1800
1800
59437
46630
33499
10020
29792
1800
1800
16035
15396
12766
31868
34853
14794
13860
4740
4740
10511
10514
7620
7620
7620
9041
31450
31450
30650
16389
10991
11549
11549
11549
11549
11309
11161
9658
9658
9658
8445
60653
10514
10515
10515
10515
10486
37798
42978
48856
9760
8948
8948
47778
8934
53639
10783
10951
9324
9324
9325
10817
8136
8148
7620
58428
51899
38614
7114
6495
4571
4573
4343
4292
4250
5542
40713
10215
10215
10215
8951
47660
10691
2040
1020
10069
10069
10069
8414
2040
10100
7338
58358
57754
58830
540
540
7399
540
540
540
3600
3600
3600
47059
10069
9243
9243
8057
33602
30457
8695
6909
3600
7088
3600
3600
8683
3600
3600
5706
5727
3600
7684
7684
7684
7684
39131
3600
8821
41068
7440
7440
7440
39534
30065
3600
3600
3600
3600
3600
3600
3600
3600
6137
6137
6137
5209
5375
54142
55091
8242
8243
8243
8243
49583
49842
9174
8688
8689
8902
8902
7687
7687
6311
65944
6705
7098
7098
7098
6748
6748
6748
5767
6370
7960
5859
5860
5860
360
7727
7727
7089
38078
6230
6230
6231
5496
7143
6191
6251
5380
5380
59976
60626
32328
60692
60657
52833
10020
6308
6043
6043
63568
6046
5129
51930
5206
5206
5136
5136
5035
4691
4615
4615
4416
4416
43489
3262
3600
50588
66437
67221
67144
67141
67155
67157
47129
47144
47179
4207
47185
47208
47214
47218
47223
47209
47214
17621
47219
47223
47226
47229
53239
47261
8432
15288
15291
15292
15293
9235
9201
9204
41574
9210
9209
9218
41638
7200
7200
7200
41279
7200
7200
7200
7200
7200
8458
40702
8286
41133
48214
40775
24144
24146
962
24146
11048
3471
3469
3469
24476
24476
24477
24477
24477
24477
8073
687
7200
7200
7200
51670
7976
6582
6611
51885
6651
1459
11194
10710
752
752
753
1097
6934
1998
733
23405
23602
120
907
330
25971
120
60
211
120
8041
60
34034
22574
120
20342
60
6761
12977
3343
6920
120
13612
60
1490
1800
120
5312
3349
5922
1621
1800
120
901
18477
870
120
120
120
1800
14437
120
1800
1814
10574
1587
576
576
576
9487
6603
360
1047
1768
2042
2042
2042
360
360
1190
120
360
2513
2489
18180
360
1406
120
900
360
45217
1304
1489
120
1342
120
17998
285
5271
368
577
599
636
120
635
631
900
2141
2139
1070
120
2593
120
120
17555
120
120
650
120
6966
120
120
1020
120
10558
17393
2217
2217
2217
2218
11358
11358
11358
244
240
120
60
120
1253
379
120
16092
1220
60
120
60
460
1456
120
1414
1564
3321
3306
1860
3306
1860
900
1860
900
600
539
120
1043
367
120
2577
2246
2246
1860
2245
1860
900
1860
900
600
1385
1384
1384
1384
1384
900
1383
900
600
23369
13871
3043
3044
3044
1112
1112
1112
1088
35429
1188
1968
2315
2561
2636
2505
2498
24618
4704
4704
4705
120
2464
3471
3471
3471
120
1270
2027
5064
9103
9145
8635
5695
5790
5790
3033
1800
3600
1800
3600
1800
3600
3600
3600
3600
3600
5007
5007
5007
4204
5589
5602
60
120
60
60
120
49581
120
7155
120
120
3540
60
60
120
60
3600
3600
3600
3600
3600
3540
3540
3540
3540
10800
17019
57371
1800
120
120
120
120
65167
240
240
600
600
3600
3600
3600
3600
3600
3600
3600
3600
3594
47280
900
900
1800
1800
900
1860
900
2040
3540
3540
2040
2040
600
600
600
600
600
600
600
600
600
600
600
600
600
600
600
600
600
600
600
600
600
1695
2040
600
60
2040
1923
1939
1939
1307
1308
1308
2040
27196
60
2040
313
320
294
129
33085
1800
900
600
600
600
600
1800
600
60
1800
60
291
600
600
600
600
1020
3460
600
81
600
600
600
600
1020
600
600
60
600
1800
900
600
600
5400
5400
1800
1800
1020
55599
7200
15142
79289
79347
79347
79347
57923
58009
58009
28648
3600
21307
10056
60
1020
31369
60
9009
8001
7800
1499
1280
1313
1346
29429
7161
20832
1020
60
50083
1020
6905
31838
29
60
20786
281
1020
60
5975
240
45199
248
240
1124
1800
44883
44700
1800
44721
6060
420
3538
2912
355
1800
1552
1800
556
503
1234
4858
3600
420
3504
4621
420
3260
600
600
600
600
600
600
600
600
600
600
600
600
600
600
600
600
600
600
600
600
600
600
600
600
600
600
600
600
600
600
600
600
600
600
3540
3540
3540
600
3540
600
600
600
600
600
600
600
600
600
600
600
600
600
600
600
600
600
1800
3600
3600
3600
3600
3600
4297
2301
3600
1800
600
600
600
2728
2547
2518
2546
2603
2603
1800
1800
1800
1797
6479
10567
49427
10308
2188
47501
35517
24723
171
136
135
135
127
390
390
385
383
409
406
402
398
393
376
366
354
339
324
302
275
9768
344
306
253
215
117
126
54623
600
19696
19225
600
600
600
600
600
600
600
600
600
10020
491
1773
40730
9467
19066
18729
18735
2837
257
3000
6244
2865
2821
6085
11298
2589
10486
6933
10081
10401
9948
9919
9668
8535
6257
885
2408
187
2242
242
2232
2201
979
766
602
601
600
2385
372
40287
40319
35552
40303
19072
40048
1988
2739
13785
35939
14193
14193
14193
35939
22783
14193
35939
23916
24324
50831
23965
14810
24324
22777
22777
22777
47546
47546
5689
7390
23477
6287
31721
54667
31721
58727
45006
62530
45006
56863
57284
57284
45354
57284
42274
2396
58529
1800
1800
1800
1800
1800
3239
1800
4947
4939
4940
4943
1800
4853
567
628
655
505
1019
605
420
420
421
429
571
27966
22175
38591
27588
384
402
17504
402
402
187
21520
3600
11486
11487
11488
11492
119
867
168
195
3600
166
167
1129
813
4730
4444
38708
38283
2235
1948
1945
1901
1900
16456
3856
16491
3433
2555
3600
3600
11314
349
3600
33941
3600
11814
164
10976
282
6788
4977
400
1262
386
492
3260
3014
3015
1119
3027
3029
3035
3066
408
1040
2766
2741
2648
2720
507
528
2748
2796
2821
2843
2884
2918
3154
3135
3138
2967
2971
2975
2997
3038
13668
13643
1155
2386
2386
2143
2223
2435
2435
2016
1235
1247
2270
2136
5262
4252
4170
3449
3109
3047
3036
3174
3189
3204
2777
595
2057
2213
2213
2213
1424
1443
1443
1624
1008
72
768
768
749
1078
567
567
566
58
360
166
175
164
313
13
121
1707
88
50569
1096
18010
52104
836
60
34521
1714
1371
19230
60
1557
10880
41184
32271
27778
27786
27790
19686
19686
19687
19690
19696
19700
15140
15137
15142
15145
15150
2040
15158
15162
15190
15194
15198
15226
2030
4
1361
1353
4893
4741
11167
4823
12091
12092
4778
4624
12626
4459
7186
21619
4195
1800
1800
1800
5505
1256
1281
2048
2048
1800
1800
1800
21643
21610
2685
2678
2201
2199
2294
7541
8513
120
120
120
5070
120
2271
120
120
120
2309
240
1985
1983
2579
7251
1800
9829
240
2581
1800
2499
1800
2615
2485
2442
5614
6467
6203
2829
6409
33733
10140
3681
278
8413
240
16950
240
1737
240
240
240
240
1804
240
240
240
240
518
2520
60
24438
240
60
394
240
359
254
274
60
60
450
60
376
361
60
24
2520
644
615
348
23
12
8
8
60
60
240
393
386
303
360
360
57840
51912
51999
51589
2520
360
38351
1800
60
1800
60
1800
2370
60
2520
60
60
3756
3488
2321
1686
1800
1198
1176
1154
6634
1040
1022
1003
1359
7036
5973
5962
5993
1869
60
60
38175
60
60
60
60
60
60
42182
3413
43124
38148
1800
931
1043
955
1201
493
35636
35735
35764
21331
35791
381
20775
124
372
442
1800
15201
437
454
439
421
406
341
326
4582
1980
1980
1980
118
186
157
408
37847
35402
33496
297
33495
33501
35747
2656
33563
33536
37121
65
25962
5107
110
5205
200
29846
12973
413
1037
1118
22973
15085
25895
1200
59
4533
1200
4641
1200
11559
564
570
1200
3600
15449
262
888
921
7200
3600
3600
3600
2195
1381
123
1291
24216
20255
41993
5250
3382
1200
1818
4057
3574
3789
3830
1200
39649
2352
2172
2015
1863
1653
8597
1631
1600
7372
20528
1490
1460
1440
1421
6668
6668
6668
1447
1764
1970
670
4475
4070
481
2574
1404
1415
358
394
10253
10276
3128
3129
7254
7254
7254
7254
1669
1601
1528
6558
11597
7765
11145
7170
7170
7170
24740
9194
5013
6530
6530
6530
6776
8088
45715
2390
6223
5886
5886
5886
5886
5887
5887
5887
5887
5887
5887
5887
5887
5887
5887
5887
5887
5887
5887
5888
5888
5888
5888
5813
5813
5814
5814
5815
5815
5817
5818
3219
2583
2584
2584
2585
37735
37697
4660
7325
23388
5174
5174
5174
9536
64879
64873
61096
48236
48236
32168
7200
30979
24376
31908
29467
28784
16765
80410
65917
8633
23126
20929
73616
8848
73424
65627
21210
40283
73164
73069
73076
73117
10554
73117
73138
73131
73160
73153
73156
73169
73233
10020
73994
70022
69808
56100
53610
3600
53636
31169
13939
24439
8715
25201
12597
10129
17485
1800
34566
13840
7791
7678
7475
240
33965
240
7299
32918
27802
4480
240
50870
240
41146
9664
34431
9665
9665
9665
1800
3699
240
4069
240
3824
3260
240
1800
1200
3028
1800
3010
31527
6163
6163
6156
6156
6157
6157
6158
6158
6159
6159
6124
6126
6128
6130
31588
6133
6135
6137
2476
900
30327
240
240
11124
1393
2262
240
1200
240
2478
240
1240
1157
240
998
946
948
916
885
881
1843
4718
17386
8040
240
240
11916
9501
9506
9506
9506
9505
9507
9509
9510
240
9529
240
9495
3678
3678
27413
3678
240
240
7211
240
186
26449
19521
240
13839
36482
128
127
7335
14423
7200
6898
33
7200
2269
115
113
6730
26086
5872
2038
6623
6569
29256
6022
4829
4831
8304
245
22877
5632
5633
5633
7074
344
13747
11609
11612
11614
390
22436
72
549
1005
1459
1420
600
7164
7180
240
240
856
1023
1445
1431
344
300
2906
2960
1800
300
8550
10282
10305
10244
4021
25495
3586
300
18802
15366
816
15384
7278
25854
23963
18863
820
43676
1200
7200
12697
4476
11428
7969
8664
1800
8475
3600
3600
53355
1800
15782
3600
1800
1800
3600
15060
14575
1200
14513
7162
7162
7162
7162
43612
14659
14606
6197
14123
13871
13632
13655
13402
3600
10327
3600
3600
1800
1800
1800
1127
1200
1672
1674
3062
1200
1800
3600
1200
5761
1197
1208
1192
1239
1352
1352
1347
900
900
600
900
5242
1200
2539
7228
7734
600
7717
7726
6798
3600
600
3474
7370
7240
7243
7247
600
3286
7306
4601
600
600
4015
4015
4015
25309
600
60
2016
3442
627
650
650
665
6461
727
7200
14335
11757
11762
10704
7200
5806
6032
6032
6033
3540
480
480
480
5316
300
300
60
60
60
60
60
48461
54565
54568
6870
47906
36051
36051
4499
5929
3585
3585
3586
3224
38671
6988
5499
5499
5499
5499
41382
8798
9637
9662
9663
10980
10980
10981
45307
9556
38617
19909
10068
13979
12594
7620
10535
120
3600
3600
3600
3600
10800
1800
3600
3600
17718
12459
12472
3600
14574
14574
14575
14576
12051
1800
13499
30218
25746
11627
9532
9533
9533
9534
9534
9534
9534
9535
9535
9245
9245
9245
9245
9246
9246
9247
9247
9248
9248
9250
9250
9250
9251
9251
9252
9252
9253
9253
9254
9254
7401
7307
7051
6000
10137
10138
10138
3600
9914
44132
25563
25643
25641
300
300
11864
11864
11864
12002
300
300
300
300
300
300
300
120
120
120
120
12132
22633
12392
12392
12392
53179
10805
47354
47354
41929
31113
31106
31178
31312
31140
35411
35432
35460
12216
12216
12216
12216
7200
7200
7200
7200
7200
7200
7200
7200
7200
7200
7200
7200
7200
11415
120
120
120
120
120
300
300
300
360
9804
5065
5065
43013
360
42296
360
42124
42268
360
360
360
42449
360
32272
22618
7869
14176
10171
5156
5156
5157
9799
51046
51046
46259
48416
49058
41248
53133
47988
47989
47989
11994
7200
7200
7200
7200
7200
7200
7200
23102
17105
7200
11085
47084
36735
34905
33290
33309
20233
33838
13130
39782
36665
36361
36527
36319
14336
50585
51148
40988
3600
3600
2520
2520
2520
2520
2520
2520
2520
3600
2520
2520
3600
2520
3600
2520
3600
2520
2520
3600
3600
3600
3600
3600
1860
3600
1860
900
1020
1020
56769
1020
56921
1020
7200
7200
7200
7200
7200
7200
7200
57022
1020
7200
57364
42030
38767
15021
37064
36964
26811
26812
26717
30218
30575
30278
9383
3600
3600
33840
3600
9703
29892
9885
10633
9999
9433
9063
360
360
360
9021
9124
9124
51190
51339
51484
360
37856
51747
360
40083
40162
600
8129
600
30452
29425
29466
600
28405
1860
900
1860
31302
26841
30857
1800
1800
34222
1800
1800
13538
1800
31983
1800
11218
11218
11218
1800
1800
1800
11018
1800
1800
540
1800
540
540
1800
1200
7200
1800
2520
1800
2520
2520
2520
2520
1860
1800
3600
3600
3600
3600
3600
1860
3600
1860
900
11031
11031
11031
1020
1800
1800
1020
7200
1020
1020
1020
1800
1020
540
540
38402
1020
1020
45371
1020
1200
7200
7200
1020
1800
45558
45561
1800
1020
1800
3291
1800
3191
45317
45075
16155
45170
45186
6631
45173
45182
45189
19918
22513
576
5529
5533
5537
5541
5325
5328
5332
725
18762
1258
13069
377
12961
99
689
10143
151
143
10175
11295
5168
3
14395
15050
11
573
7702
7703
419
4411
4411
4411
473
4776
554
180
29672
45
8800
62
88
95
227
291
7000
274
273
262
325
324
11139
4320
27189
540
520
523
36093
514
388
3277
381
31101
540
540
540
540
540
540
540
540
8554
8556
540
8560
540
8577
8578
8578
8581
8587
8587
540
198
195
186
170
4237
4237
4238
4320
8871
1865
6127
17889
10662
2298
2248
1872
1860
900
1870
4403
4403
3537
10192
4839
16206
15997
15997
15998
7404
10067
6822
7721
7721
7721
7024
9099
9100
9100
6965
16851
7200
7200
54805
55496
55496
36720
37411
7200
13046
10824
12600
12600
14584
3600
3600
7200
3600
13636
7200
7200
33807
3600
7200
30144
3600
26130
3600
28861
3600
3600
3600
1800
6078
17703
35965
7200
900
1800
3600
1800
3600
12945
1800
23278
1800
3179
2928
60
3049
2144
1117
18648
1124
3755
1804
1800
1800
1851
1800
3600
18209
1363
56
26335
125
1800
60
1800
7007
6715
12315
1440
12911
12911
1440
60
3164
1200
460
1800
43201
1800
1800
3206
1800
168
3551
10629
540
540
540
540
540
1725
540
540
540
123
540
166
44899
14425
37764
621
5939
5944
5945
5946
5947
34372
3600
7200
8004
1800
7200
7200
3600
3600
34446
34446
7200
7200
900
1800
3600
6035
3600
49754
3600
49831
7200
1800
1800
3600
3600
32948
1800
1800
3600
3600
3600
600
1800
47140
47140
47167
1800
46920
12331
46922
46923
46923
46923
46923
46923
46923
46923
46923
46923
46924
46924
46769
46770
46770
46770
46770
46770
46770
46770
46771
46771
46771
46771
46771
46771
46771
46771
46772
46775
46775
25937
25937
1800
900
3600
9933
600
31571
10125
10127
2040
3600
3600
3600
9731
2040
10502
2040
4020
4020
30388
30403
4020
4020
4020
10803
10639
9739
9738
4020
1020
1020
1020
1020
1020
1020
1020
1020
1020
1020
1020
1020
1020
1020
1020
1020
1020
1800
1020
1020
1020
1800
1800
1020
1800
1020
1800
1800
1800
1800
1800
1800
1800
1800
1800
1800
1020
1020
1020
1800
1800
1800
1800
4942
5170
4679
