0
0
0
1
5
8
14
16
34
44
45
66
38
37
67
99
98
96
95
97
99
113
199
217
219
164
157
120
120
232
155
228
252
251
257
172
169
171
180
167
179
286
313
307
376
431
420
389
376
364
355
120
120
120
823
852
831
811
925
1185
956
956
956
956
846
846
887
862
838
793
813
778
734
756
734
716
522
518
518
517
507
495
489
489
482
482
482
488
503
503
504
492
491
491
490
489
473
465
465
465
464
481
483
501
589
568
568
701
674
615
601
600
590
587
622
686
740
697
691
676
661
643
629
615
602
595
582
573
564
553
546
534
766
715
763
60
60
810
735
885
1035
1114
1083
1084
1087
1026
1091
1091
1093
1093
1094
1094
1106
950
1036
1036
984
977
980
959
895
872
899
900
900
900
900
900
903
900
895
894
895
895
895
895
895
895
895
895
857
859
841
848
846
847
1020
1219
1167
1184
1514
2153
2082
1998
2000
2002
2164
2640
3967
3873
3788
3660
1860
2460
3860
3865
3660
2460
3953
3871
3779
3570
3484
3417
3522
3455
3389
3377
3370
3306
3243
3182
3122
3063
3006
2949
2950
2846
4453
4454
4461
4462
4463
4173
4473
5146
5029
1020
5039
4786
4865
4768
4645
1020
4526
1020
4103
1800
4056
1800
4644
4644
4644
3993
3994
3641
3247
3247
3247
3247
2925
2925
2925
2925
2925
2925
2759
2759
2759
2552
2552
2552
2551
2552
2454
2454
2455
2315
2315
2315
2315
2315
2315
2315
1800
2253
2253
2253
2913
1020
1800
1800
1800
1800
1800
1800
1800
1675
1675
1612
1612
1612
1613
1613
1613
1614
1614
1467
1467
1467
1467
1467
1385
1384
1384
1259
1258
1259
1257
1257
1235
1738
1759
1759
60
1532
960
960
960
1836
790
790
790
721
722
722
722
709
709
710
710
710
685
684
684
626
615
615
614
614
614
614
1753
1691
1221
558
558
558
513
513
513
487
487
487
1131
461
461
461
423
423
423
410
410
410
420
1416
1708
1279
1660
1379
1749
1138
1171
1171
1171
1349
1384
1331
1309
1052
1037
1054
1334
1310
1247
1207
1187
993
1160
1001
1001
955
1131
2822
2400
2771
1200
600
300
4454
3805
3805
3805
3980
3893
3225
2351
2351
2351
1800
3695
1800
3162
2979
3639
1080
1080
1080
1020
2858
2700
2980
2974
2974
1080
1020
1080
1800
1800
1020
180
180
3441
3441
3176
3176
2299
3002
300
1020
2652
900
2205
2538
2437
1800
2517
2896
2282
2418
2850
1800
2765
2498
2765
1800
1020
1800
1800
1800
2112
2006
2083
2086
2055
2121
1993
2043
2125
3054
1917
1784
3042
3587
1983
1846
1735
1908
1886
1818
1020
1777
1800
1800
1800
1800
1800
1800
1949
1020
2639
1800
2617
2617
2273
2101
2284
2349
2317
2394
2792
2170
1800
2177
2101
2223
2166
2132
2098
2406
2366
2199
2150
2092
2135
2080
2175
3066
2967
2938
2243
2197
2154
1976
1941
1882
1882
1825
2028
2080
2052
2227
2036
1973
2201
2223
2013
2293
1974
1916
1800
2237
1740
1787
2145
1713
1800
1788
1851
1916
1728
1789
1842
1906
1970
1841
1607
1632
1900
2056
2019
1823
1854
1734
1728
1748
1881
2010
2146
1964
1901
3632
1904
2326
4450
1800
2040
3844
2040
3583
1800
3507
1020
1020
3338
3289
3305
3744
3764
3790
3814
3837
3861
3884
3905
3931
3955
3978
3999
4022
4038
4038
4038
4038
1800
1800
1800
1800
2947
1800
1800
1800
1800
1800
2856
2805
2886
3806
3809
2965
3860
3790
3790
3790
3790
3790
3790
3431
3444
3445
3445
3278
3389
3389
3389
3389
3389
3393
3488
3444
3640
3592
3527
3802
3647
3641
3641
3641
3641
3641
3641
3641
3641
3641
3642
4635
4651
4651
4651
4651
4651
4651
4651
4651
4652
4652
3292
3385
3386
5382
6054
6250
6479
3600
3600
4800
6264
6130
4800
4800
4800
4800
4800
5790
4800
4800
4685
4609
5411
5371
4473
4401
4329
4800
1800
4815
4774
2400
2460
600
300
4794
3917
3917
3917
2400
2460
600
300
4745
3543
3487
3435
4815
4982
4753
4615
4613
3600
3600
3600
4399
4760
4192
3255
3172
3171
3123
3076
4250
4403
4705
5402
6026
5509
5921
6337
6392
6436
6436
6436
6436
6436
6059
5913
5406
5382
5383
5200
5207
5184
5224
5177
5168
5200
5245
5289
5334
5379
5424
5469
1020
4988
5296
5262
5701
5747
5794
5840
5887
5933
5980
6027
6073
6112
6113
6113
1020
1020
4911
4783
5113
4919
4811
5097
5448
5490
1020
1020
1800
1020
1800
4465
4355
1800
1800
1800
600
5994
600
300
1020
4951
600
1800
4459
4311
600
1800
4114
600
600
3600
1800
3044
3219
4618
3068
3954
2937
2400
3343
2400
2603
3752
2575
2556
7391
7423
2401
1800
1800
1800
1800
3688
2405
1800
1800
60
60
1800
1800
600
600
1800
2461
1800
1800
3364
3364
1800
600
600
1800
1800
3341
3313
2156
2008
1800
2559
2512
2008
2222
3051
3702
1800
2427
1800
1800
2201
1800
2313
4482
1991
1994
1800
1800
2451
2453
2457
3123
1871
1875
1809
1813
1753
1448
1800
1800
1800
1522
1692
2751
1800
1631
1800
1800
1492
1800
1800
2701
2726
1517
1584
2008
1978
1477
1478
1502
1472
1420
1870
1397
1191
1154
1153
1137
1120
1557
2395
1086
1092
1000
1002
953
979
1451
959
1269
1269
1237
1591
1375
1572
1601
1658
1672
1715
1090
1116
1476
1129
900
1119
1122
1253
900
2101
1200
1200
674
679
2968
1344
2924
2093
3466
979
968
1998
1200
1169
1200
1152
660
2280
1181
1178
4447
726
540
1800
1800
1800
1800
1800
540
1020
1800
1800
1020
1800
1800
1800
540
1800
4539
1800
540
2125
4515
900
2321
2052
540
2008
3806
1860
900
540
3662
1757
2865
3777
1727
840
1741
900
1747
1726
1597
840
1622
900
1599
1800
2001
1638
1604
1200
1923
900
1800
1446
3038
1573
2975
1457
1438
1419
1677
3180
1200
900
2936
900
900
1755
1472
1721
1699
1678
900
1663
1791
3200
1395
3206
1384
900
900
900
1800
900
1612
1571
1518
1555
1479
3472
1551
1472
1517
3728
1621
1559
1600
1579
1558
3638
1527
3642
3644
3473
3488
900
3495
1495
3021
900
5306
3471
1481
2943
1495
1800
3103
3370
3139
1546
1526
1459
3328
1437
1366
3261
3309
3303
1326
3243
3089
2722
2724
1506
1486
1500
2184
2191
1784
1780
1748
4102
3149
3213
4090
4081
4092
3965
1800
1800
1800
1800
1800
1800
1800
3396
4848
4765
4766
3223
3230
2269
2300
2308
2278
3529
5048
4938
2454
2389
2341
2302
2643
4099
2611
4051
2601
2566
2570
5367
5347
5352
5369
2560
2535
2531
1800
2802
1800
1800
2943
2865
3600
3600
6687
1800
1800
1800
3491
1800
1800
1800
3600
3600
6926
5816
3015
2400
3071
2948
3600
3600
3600
3282
5493
3600
4726
4684
1800
1800
1800
1800
9167
9118
9132
6681
7130
5365
5423
5419
3600
6174
5265
6770
5323
8847
5669
8717
8652
7917
7915
7925
8009
5230
1800
7876
1800
1800
5755
5879
5868
6093
6131
6468
6558
6558
6558
6737
1800
1800
9137
9079
6959
3600
5928
5852
5769
5769
5769
1800
5763
5762
5762
5762
5762
5762
5763
5714
5713
5714
5714
5714
5715
5715
5715
5716
5973
1800
1800
1800
1800
3600
1800
1800
1800
4505
3993
4900
10811
3600
10815
3600
1800
3600
4315
4758
4202
3600
2340
1200
4101
8071
4059
3600
7535
3583
3876
6992
10123
3487
3769
3400
3405
3779
3421
1800
7137
7102
1800
8354
3497
6692
8121
8122
4503
6732
1800
5476
11263
1800
1800
3870
7355
7380
6407
5326
1800
3600
3600
2340
1200
2340
3600
1800
2340
5267
3600
3600
3600
3600
3600
1800
3600
7960
3600
1800
7673
1800
7719
1800
7702
1800
1800
5446
5604
7730
8197
3600
7699
7328
7099
3600
3600
3600
3600
5217
3600
5208
5339
5291
5052
4936
4817
4746
4020
5903
5955
6129
6096
6096
5850
5775
5509
5471
5471
5317
5248
5207
5208
5208
8955
9976
9000
9544
9548
8728
8747
8050
8020
8022
9867
6760
6668
5653
1800
1800
10900
10900
1800
1800
1800
10547
10544
1800
60
1800
10411
60
8216
5787
8219
5502
3600
2340
1200
3600
60
2340
60
60
60
60
6281
14373
60
5121
1800
5238
60
60
4943
5011
8978
4867
2340
1200
9031
60
7603
4986
8105
60
1800
1800
600
2340
7643
4557
1800
600
600
3924
600
4270
4185
60
180
4292
600
1800
7404
7286
4113
180
7104
3600
1800
4132
1800
1800
3964
3943
2972
2340
1200
3983
1800
1800
3773
600
3738
2819
3733
1800
1800
3722
1800
600
600
1800
1800
1800
1800
1800
2340
600
2233
6559
600
2310
1800
600
600
2439
1800
1800
1800
1800
1800
2723
2714
1800
3222
1800
6245
6003
2585
1800
5990
1800
1800
5904
5884
5894
180
5958
5927
2117
1800
600
1800
1800
60
2575
60
2527
1800
1800
240
1800
2294
1800
2040
2385
2382
5610
240
240
2040
240
1800
1800
240
1800
1800
5001
2040
1800
5001
1800
1800
1800
1800
8487
8487
1800
240
4808
2040
1800
3600
1800
1800
4547
1800
4471
1800
3600
3600
4284
1800
1800
4174
1800
3600
1800
4055
4004
7161
1800
1800
6556
3358
6540
4140
1800
3423
3921
8186
1800
1800
1800
1800
3765
7543
1800
1800
3628
1800
3556
1800
5341
3470
1800
3600
3600
1800
3600
5250
3311
3268
3480
3393
3369
3382
3024
60
1800
1800
1800
3540
6364
1800
1800
1800
3992
3357
3860
1800
3540
1800
3998
3540
1800
1800
1800
5644
1800
7548
1800
1800
1800
1800
1800
1800
4086
1800
1800
1800
1800
3938
1800
7050
3452
1800
1800
1800
1800
240
1800
1800
240
240
3842
240
14382
3740
14385
1800
3324
1800
1800
3648
3648
3648
3648
3734
3335
1800
1800
3595
1800
1800
1800
1800
2757
2840
2800
240
2771
240
3091
3049
2632
3067
3029
2992
2957
2640
600
2836
2809
2755
2782
2749
2718
600
2687
2655
4141
600
2611
3916
600
2548
600
2528
2499
2506
2514
1020
6858
6274
2040
2040
1800
1800
5897
1200
11238
3600
600
15613
7586
15750
15750
15768
15769
13658
15548
3540
13365
3540
3540
5347
3540
11293
9811
3540
10605
5664
3540
5651
3540
7345
3540
5400
3540
3540
3540
5682
7614
3600
3600
3600
1800
1800
1800
5818
5463
1800
1800
1800
5400
1800
6101
3540
3600
3600
3600
3540
14751
1800
3600
3600
3600
3600
6055
11071
1800
1800
11647
1800
1800
5093
10041
1800
3540
1800
900
480
1800
8977
5443
10903
8772
4220
4221
4221
4108
4108
4108
4108
3600
3600
3600
5245
4188
5400
7254
1800
4625
3600
3600
3600
7076
1800
3600
3600
3600
1800
1800
1800
1800
4729
1800
1800
12270
3506
3448
3448
3257
3257
4271
1800
4206
1800
1800
1800
1800
3458
1800
1800
1800
6895
3372
3379
3379
600
3253
3253
3212
600
3757
4348
4214
3128
3128
3128
3200
3200
3200
12743
3114
1800
1800
1200
2587
6427
2956
1800
3450
1800
1800
1800
3703
8863
3211
3211
1800
900
480
2333
600
1800
600
1800
3600
3600
3600
1800
3600
3600
3600
4438
3600
3600
3600
3600
3600
3600
420
5757
1800
4889
5400
1800
1800
1800
1800
4808
600
600
600
3600
600
600
1800
1800
4189
1800
1800
1800
1800
3730
3678
3677
10141
3683
3683
3683
1800
3600
3600
1800
1800
4100
3600
3372
3374
3374
1800
1800
3600
1800
3363
1800
1800
1800
1800
2040
1800
3047
3047
3007
3007
3007
1800
3029
3029
3029
3032
3032
3032
2040
1800
1800
3018
3211
3113
4323
4378
1800
2040
2999
3052
2929
5014
9524
5142
4199
3471
5090
9249
3421
4310
5107
2857
2859
2859
2859
5049
2910
2910
2435
2547
2494
2464
2434
1800
2405
1800
8989
6949
8328
3703
8185
2860
6955
6627
6453
2035
6530
6465
3325
3327
3262
2741
11451
2696
8151
11476
2636
3600
3600
3600
3600
4501
8299
11110
11136
5954
1800
1800
1800
1800
1800
1800
1800
1800
1800
6630
1800
1800
4185
1800
5739
1800
1800
5625
1800
1800
1800
5454
14226
3600
3600
3600
3600
15948
15980
15980
15982
16063
1800
3600
3600
3600
14743
10591
9805
3600
3600
3600
18994
18995
14919
420
6026
420
420
13680
3540
2040
3540
420
3540
2040
3540
5954
3540
6837
2040
1800
420
2040
3540
420
2040
18453
3540
6051
18530
3540
2040
1800
1800
6074
3540
6005
1800
3540
3540
1800
3600
1800
4140
9078
5464
2040
9022
1800
1800
1800
1800
10601
5520
10599
1800
1800
1800
1800
2040
3600
7781
240
10199
4955
10777
240
2040
3600
5959
6904
3600
3600
5172
5180
5180
5180
5562
5220
5429
5346
4560
1800
2040
1800
5360
1800
1800
1860
1380
4884
1800
1800
1800
8471
1800
4963
1800
4494
4494
4494
4505
4506
4506
4760
1800
3600
4894
1800
1800
1800
14063
14091
1800
3600
10620
1800
1800
7510
5781
4936
1800
4800
1800
300
1200
3600
10634
120
8851
120
8810
10268
1800
8286
1800
3600
3600
8218
1800
1800
3600
1800
4994
1800
11087
9212
1800
1800
1800
5431
1800
5251
1800
10332
1800
4658
1800
3705
1800
3600
1800
4808
1800
4005
3956
3956
1800
3956
4812
4853
4768
1800
10020
5628
5628
5628
5628
5628
4560
1860
1380
120
8892
1800
1800
8853
1800
9676
1800
3465
7778
9402
120
9258
3241
1800
1800
120
120
14229
1800
120
8640
1800
1800
11857
6000
9954
1800
1800
7286
1800
10020
1800
1800
5172
1800
1800
6000
1800
5011
1800
1800
1800
5335
1800
1800
1800
7484
7484
7484
7484
7484
4560
1860
1380
22820
8640
5417
5578
8640
7935
7144
21101
5955
6112
6258
6396
4922
4922
4922
4922
4922
4560
1860
1380
5189
8640
8548
8640
12793
8640
11248
10418
10418
10418
10418
9120
4560
1860
1380
10936
9436
8640
24351
24211
7755
3600
24409
3600
14960
16420
26029
26033
8640
1800
1800
31089
31091
1800
1800
9951
8458
1800
1800
1800
1800
1800
1800
1800
10317
11322
1800
1800
4020
8588
1800
8252
1800
1800
120
120
120
10051
120
60
600
1800
600
600
600
4020
1800
1800
600
1800
1200
1800
1800
1800
1800
60
9367
1800
1800
9444
1800
9643
1800
1800
1800
22191
1800
1800
1800
10386
1800
7615
20543
16213
20395
20395
16800
11349
11591
11652
11713
11951
30704
28841
12037
6937
6783
6652
6558
6483
6425
6710
13041
6901
7058
14977
8040
22130
18036
8031
7200
7200
7200
7200
7200
16042
7200
7200
7200
7200
7200
20101
1800
1800
1800
1800
1800
1800
1800
23313
7200
7200
7200
7200
7200
1800
1800
7200
7200
7200
7200
7200
7200
7200
7200
7200
1800
1800
7157
7200
7014
1800
1800
1800
1800
1800
1800
27303
27319
27330
27355
1800
1800
1800
22118
1800
11887
12112
7200
7200
7200
7200
7200
7200
25424
7200
1800
1800
22389
22648
22648
22648
21000
18270
33684
10296
33816
3600
25285
8311
25234
8159
8031
3600
6000
6000
7787
6000
7706
7607
8460
15182
15185
6000
9982
1800
1800
3600
12206
12525
1800
10110
7200
3600
7200
1800
1800
6000
6000
13607
1800
1800
6000
7200
6000
6000
6000
1800
19437
7200
1800
31882
1800
9424
6000
9239
6000
5040
10604
12510
11809
9399
5040
1800
6376
5040
7200
7200
7200
5040
7200
8800
9460
9470
5040
11343
6000
1800
1020
20359
19816
3600
1020
3600
1800
1800
1020
1800
5040
9812
6519
6280
5977
6000
11062
21378
1800
6000
1200
3600
1200
1800
6836
3600
1200
1200
6103
1200
6000
1200
5984
5814
5807
5922
1200
1200
11218
1200
1200
6239
5952
5426
5344
6000
7495
7652
14081
7230
1800
9715
16909
9831
9901
9717
9719
9721
9719
9721
9724
9719
9723
9727
9721
9724
9729
9721
14012
16852
16852
16852
10807
3600
2340
1200
3600
1800
8156
8670
8646
8646
1800
1800
1800
6963
3600
1800
3600
8114
3600
3600
1800
1800
6000
3600
1800
3600
600
3600
6619
11713
1200
600
6000
600
1200
600
1200
5883
6189
6256
5832
13964
5833
5833
600
5479
5479
5479
6257
5854
5738
5740
5721
6020
5623
5782
5431
4882
5534
1800
1800
5492
600
1200
4463
5040
5433
600
1800
4171
1800
1200
2400
600
1200
600
3866
600
3887
3955
1800
3600
4010
1200
3980
1200
3083
2400
4131
2774
11409
3597
3669
3056
3693
5105
5136
5137
3275
3292
3841
3040
3719
8892
5121
5122
5231
5870
3055
3731
3040
1800
12272
3522
3487
3408
5223
7073
6472
6786
11762
2963
2971
3139
3214
5634
3774
5272
2835
9508
2748
2869
2857
2941
9815
3072
8768
3339
3211
3093
4225
4131
3967
3486
3234
2492
2403
2254
2506
2580
1910
1882
2340
1871
1793
1929
2407
2441
3764
5235
5171
4991
4062
3719
3089
3055
3054
3429
21712
3333
3074
3086
3096
3014
5319
3217
3171
3106
3062
3062
3062
2980
2980
2982
2955
2956
6261
3121
3071
3133
3114
3157
25668
29295
14971
15131
18097
11829
3600
11352
3600
6317
6238
13734
2400
21000
21000
7403
1200
3600
3600
2400
1200
1200
3600
16054
21000
7400
7296
21000
13748
2400
1200
1200
1200
1200
1200
1200
1200
1200
1200
1200
1200
1200
8481
8143
3600
8992
7591
7248
7008
6927
6858
6778
3600
15760
15865
15865
15865
15865
15865
15865
6612
6534
8208
3600
13165
1800
3600
5665
5563
5520
5458
5395
4805
4806
4764
3600
5365
4920
4492
6945
5206
4591
6965
4491
1800
5054
5054
5054
5054
5054
5054
5054
3600
12544
8177
8261
3983
7910
4453
3880
4258
4258
4259
4259
4259
4259
4259
3719
3681
3642
1800
1800
25344
1800
6192
1800
3600
1800
5040
3600
4203
4965
1800
5002
1800
1800
1800
3410
1200
4757
4806
5115
4691
4365
1800
3743
18352
3178
1200
1800
1800
1200
9632
1800
1200
3377
3111
1200
3032
25031
25059
10732
1800
1800
3115
3116
3616
1800
600
600
600
600
3007
3008
3008
3008
2609
2345
1800
600
600
600
1800
2432
600
600
600
600
600
600
600
600
600
600
600
600
600
600
600
1200
1200
2927
8426
1200
1200
1800
2351
1565
300
1200
1485
2254
2255
2158
1800
1828
1806
1200
1765
1787
1200
240
1761
240
1362
4162
1749
29478
2403
2337
1200
2233
2305
1800
1800
2279
2256
1200
2322
9222
8933
2449
2428
2247
2310
2312
2305
2398
4372
29368
2340
2255
2337
4345
2253
4382
4376
3985
2604
4393
2532
29559
11664
2564
240
2243
2155
1895
1896
1890
1200
1983
8973
8978
2342
2346
2283
1724
1749
2207
1200
1200
1737
2368
2444
2333
1666
2683
8732
1200
2126
1731
2066
1975
1200
8513
8513
1200
8537
8068
8069
9617
8219
7357
7459
1436
3196
3197
2834
2092
2061
2036
2021
2025
2017
2017
1857
1829
7497
1720
7224
1716
1719
1731
1603
1630
1657
1659
1728
1617
1619
1637
3481
3487
3487
3487
3487
3487
3487
1665
1666
1625
1628
1631
2621
9221
2982
2939
3182
3131
12758
12759
11547
11548
11550
2191
1200
11724
11740
2257
1200
11867
1800
19334
19338
1800
1800
12112
2556
1800
1800
1800
1800
1800
1800
2143
2141
1800
2065
2065
2045
2003
2003
1800
1800
1800
1800
1800
1800
1800
1800
1800
1800
1800
1800
1800
1800
9960
1740
1745
1726
1689
1671
1671
1510
1890
1890
1848
1844
1822
1715
1394
1597
1582
1558
1541
1522
1729
1714
1677
1677
1659
1641
1606
1606
1589
1573
1556
1818
2220
2202
2178
2129
2127
2102
2058
2058
2036
2015
1972
1974
1955
1934
1892
1891
1870
1850
1831
1792
1794
1758
1758
1738
1701
1700
1682
1647
1647
1612
1612
1578
1578
1562
1545
1529
1513
1497
1479
1449
1450
1435
1419
1403
1387
1358
1359
1330
1330
1316
1302
1288
1261
1261
1248
1222
1222
1196
1198
1187
1162
1161
1136
1135
1123
1099
1099
1088
1076
1065
1054
1032
1032
1021
1011
990
990
969
969
959
939
939
920
920
910
891
893
885
876
866
847
846
837
829
816
808
803
794
784
775
766
758
750
742
735
727
719
712
704
697
690
635
628
622
615
609
603
597
591
585
579
520
515
510
505
500
494
489
484
480
470
470
465
461
456
452
447
443
355
358
354
355
352
347
343
339
336
333
330
321
318
316
313
310
307
304
299
299
296
293
291
288
286
283
281
602
597
591
585
580
575
569
564
559
553
548
543
538
533
528
523
518
513
508
504
499
494
490
485
481
476
472
467
463
459
454
450
446
442
438
434
430
835
816
816
808
800
793
785
777
770
762
755
748
741
734
1151
1140
1129
1119
1098
1098
1087
1076
1065
1055
1045
1035
1025
1015
1006
996
987
977
968
958
949
940
931
922
904
904
887
25979
887
870
870
862
854
845
837
821
822
814
806
791
791
776
774
767
761
747
746
738
731
723
11709
710
832
816
817
811
804
789
788
779
771
763
756
749
742
728
728
714
714
700
700
687
687
674
676
1200
739
616
674
10521
10174
2867
6850
6195
2983
743
748
6646
1408
958
5300
2376
3149
2381
3152
2376
240
2889
1800
890
3184
891
4330
4425
4425
9140
1606
1135
1136
895
7538
2787
2069
2070
2008
2009
1164
26737
13230
4959
5030
5030
5030
5030
5030
5030
1200
1800
11308
11140
1800
3278
1800
3011
2944
2807
2527
3036
3096
600
600
600
600
600
600
600
600
600
600
600
600
600
600
600
600
600
600
600
600
600
600
600
600
600
600
600
600
600
600
600
600
600
600
600
600
600
600
600
600
600
600
600
600
600
600
600
600
600
600
600
600
600
600
600
600
600
600
600
600
600
600
3098
600
600
600
600
600
600
600
600
600
600
600
600
600
600
600
600
600
600
600
600
600
600
600
600
600
600
600
600
600
600
600
600
3067
600
600
600
600
600
3068
600
600
600
600
600
600
600
3068
600
600
600
600
3069
600
600
600
600
3069
600
600
600
600
600
600
600
600
600
600
600
600
600
600
600
600
600
600
600
600
2656
600
600
600
600
600
600
600
600
2497
600
600
600
600
600
600
600
600
2497
600
600
600
600
600
600
600
600
600
600
600
600
600
600
600
600
600
600
600
600
600
600
600
600
600
600
600
600
600
600
600
600
600
600
600
600
600
600
600
600
600
600
600
600
600
600
600
600
1529
600
600
600
600
600
600
600
600
600
600
600
600
600
1262
600
600
600
600
600
600
600
600
951
951
600
600
600
600
600
951
600
600
600
600
600
600
600
952
600
600
600
600
600
600
600
600
600
600
600
600
600
600
600
600
600
600
600
600
600
600
600
600
600
600
600
876
15055
551
598
601
5493
629
632
185
843
471
228
231
234
3149
756
469
651
654
477
471
677
353
940
694
697
114
117
698
952
512
1260
529
125
112
112
112
112
112
112
112
112
113
113
113
113
113
113
113
113
113
113
113
113
113
113
113
113
113
113
113
114
114
114
114
114
114
114
114
114
114
114
114
114
114
114
114
114
114
114
114
114
114
114
114
114
114
114
114
114
114
114
114
114
114
114
114
114
115
115
115
115
115
115
115
115
115
115
115
115
115
115
115
115
115
115
115
115
115
116
116
116
116
116
116
116
116
116
116
116
116
116
116
116
116
116
116
116
116
116
113
113
113
113
113
113
113
113
113
113
113
113
113
113
113
113
113
113
113
113
113
113
113
118
118
118
108
108
108
108
108
981
107
991
1323
520
758
858
820
973
727
973
959
943
1400
711
177
921
178
915
906
2101
708
1335
133
133
1360
517
202
1237
72
72
72
72
72
72
72
72
72
73
73
73
73
73
73
73
73
73
73
73
73
73
73
73
73
73
73
77
74
74
74
75
75
74
74
74
74
74
74
75
75
74
74
74
74
74
74
75
75
75
75
75
75
75
75
75
75
75
75
75
75
75
75
75
75
76
76
76
76
76
76
76
76
76
76
76
76
1202
90
90
1212
77
24534
696
656
45
636
582
24524
35
33
19834
918
891
848
826
1076
1016
1082
1168
567
611
493
1901
501
499
2662
1349
1284
240
348
348
348
348
348
240
98
101
145
133
7055
151
13119
176
176
760
764
764
764
764
767
767
766
766
766
766
766
766
766
766
766
766
766
766
766
766
766
767
767
767
767
767
767
767
767
824
824
824
824
824
824
824
824
824
824
3868
61
61
57
57
2674
1330
10
66
57
13
1800
961
941
967
967
967
966
966
966
966
966
966
966
966
966
966
1451
1442
2681
2682
961
3992
3637
3639
600
600
600
1800
600
600
600
600
600
600
600
600
600
1781
1795
240
1792
1794
600
600
1636
1636
1637
1648
1652
13076
180
600
180
180
180
180
180
572
579
579
579
579
2596
373
373
393
393
393
600
600
1800
3871
3113
3116
3120
3123
3127
3131
3135
3138
3143
3147
3151
3154
3158
3162
3166
3170
3173
3183
3182
370
600
600
600
600
600
2519
600
600
600
600
600
2277
600
600
600
1800
600
2096
600
600
600
600
3003
600
600
4732
1800
600
1800
600
1800
2340
2340
2340
2340
1800
600
4996
5320
600
4556
5297
4561
600
5069
5064
4386
4373
4250
5653
600
6301
6314
6314
6314
6314
6314
6314
5053
4357
4668
1800
1800
1800
1800
1800
1800
1800
1800
1800
1800
1800
1800
1800
1800
1800
1800
4119
5411
3694
600
3705
3674
3804
1800
1800
1800
1800
1800
1800
1800
1800
1800
1200
1800
1800
1800
1800
1800
1800
1800
1800
1800
1800
1800
1800
1800
1800
1800
1800
600
3595
7766
3804
1800
3283
3447
600
4109
1800
4114
1800
28994
1800
1800
1800
3189
600
1800
1800
1800
1800
1800
3758
3750
1465
1471
1471
3277
1800
2923
1200
1582
1800
1800
1800
3227
1800
1800
3525
2897
14667
1447
1800
1800
1800
1800
1800
1800
1800
1800
1800
1800
1800
1800
1800
2791
1247
1247
5133
7399
6568
1030
1045
1047
1033
1542
1593
1587
2537
27973
1629
1629
6419
3303
2754
6579
2968
1179
1179
1251
1023
936
2953
906
906
906
3409
2883
2808
4330
3655
2983
20478
20524
20524
20524
20585
17195
17195
17196
17207
1515
9886
9887
9887
9888
9924
9699
1622
7811
1741
1380
1776
1571
1657
1303
1419
1535
1651
1766
1816
1888
1905
1800
1913
1934
1874
1757
27430
1871
1823
1773
1660
1689
1678
1693
1454
1390
1339
1260
1269
1227
1204
1177
1170
1159
1155
1147
1137
1138
1128
1110
1095
1080
1069
1062
1056
1061
1054
1040
752
1622
1024
1013
1004
995
987
997
978
980
980
1009
984
956
930
908
895
888
881
874
864
922
917
882
860
828
818
810
802
795
1310
1301
1009
1392
1378
1365
1352
1338
1332
1212
1194
1142
1131
1109
1090
1067
1063
1081
1070
1058
1033
20936
20952
25372
25855
8351
3063
2920
2920
30866
3149
3188
8081
1775
3512
13950
20546
4443
24352
27443
1800
27578
28716
29295
29881
30449
31011
31011
32116
32114
33198
33433
30018
30699
1800
31298
31302
1200
1200
1800
1800
1800
600
20304
1800
1800
3600
1800
600
600
600
1800
10221
10294
10146
9997
1800
1800
35391
35561
60
3600
13353
18258
10644
9237
16892
1800
1800
1800
1800
35052
10701
9092
8849
8351
8245
20234
8130
7885
3600
7200
9629
1800
7200
1800
9097
8961
600
3600
420
7200
600
1800
420
600
1800
1800
9362
600
600
420
600
3600
600
8548
7608
8563
8564
600
1800
8441
8901
1800
1800
1800
33586
1800
600
600
600
600
600
600
32709
600
600
600
600
600
600
32198
600
600
600
600
600
600
600
600
600
600
600
600
600
600
600
600
600
600
600
600
600
600
600
600
600
600
600
27238
1800
27246
7519
2400
27287
7803
7579
3600
600
600
600
600
600
2400
6169
2400
600
6117
1800
5657
1800
1800
2400
2400
600
600
600
600
600
600
2400
4800
420
3600
3600
23662
5878
23669
3600
2400
3600
1200
3600
1200
1200
2400
10945
1800
1800
1800
2400
3600
1800
1800
3600
1200
3600
2400
3600
2400
2400
4868
1200
420
420
1200
840
6344
840
1800
1800
1800
840
1800
1800
5589
4369
3600
3600
3600
3600
3600
13508
5499
2340
2340
2340
2340
2340
5126
4524
3612
13446
3738
2340
2340
2340
2340
2340
3868
5026
3561
3853
3862
3864
1800
19138
1800
1800
13463
1800
1800
1800
4679
1800
2340
2340
2340
2340
2340
4676
1800
1800
4469
1800
1800
4192
1800
4123
4095
4057
4253
17857
4213
4174
1200
1200
540
1200
22792
1200
1200
1200
1800
1800
18137
18138
15385
600
1200
1020
840
600
3390
840
600
21926
1020
3748
6086
1020
5985
5926
2082
2120
2120
2120
2120
6040
1874
1876
3600
5765
1944
1944
1945
1631
1631
30571
31501
3600
2700
4360
5172
25070
3600
4020
31840
14369
14371
14294
14295
600
5701
5717
5718
600
6545
1020
1020
1020
1020
2340
2340
2340
2340
2340
2340
60
1020
2340
2340
2340
8072
60
1020
1800
2400
21906
9358
9492
8463
8350
7200
2340
2340
2340
44032
2340
2340
2340
43373
1020
43373
1020
60
7200
7200
7200
60
60
1020
1020
60
60
600
900
2340
2340
600
3600
3600
600
1020
1020
900
600
1800
9271
600
600
1020
3600
7200
1020
20976
7501
600
1020
3600
2700
600
1020
21110
21112
7429
7606
600
600
7448
3600
3600
3600
3600
5934
600
5865
120
5774
5560
3600
900
900
6891
6461
13111
21063
600
120
1800
1800
1800
10020
10548
10550
10551
120
10608
19319
9476
9484
600
9530
600
7200
7200
7200
7200
7200
7200
7200
7200
7200
7200
7200
7200
7200
7200
7200
1020
120
600
1020
600
1020
600
10191
19942
600
19942
6258
10022
7370
600
21563
10110
21313
9935
9844
9844
9844
3600
3600
10884
3600
10020
3600
10020
10734
10761
10655
3600
10468
3600
3600
3600
3600
3600
3600
10020
10367
1800
5302
7200
7200
7200
7200
7200
6057
6059
2340
1800
10020
1800
2340
7200
7200
2340
6687
10020
6600
10020
10020
2340
600
9123
8604
38254
38381
10171
19201
6327
6260
2340
2340
2340
2340
3600
3600
120
2700
2700
3600
3600
3600
3600
3600
13029
16207
16630
17029
17456
17876
17879
17881
17884
5921
5697
5933
5787
5790
5682
5643
5644
5644
5542
5557
5548
5548
5592
5586
5554
5556
5561
5560
5578
7419
7103
3600
3600
7200
7200
7200
7200
7824
6580
7125
6325
6585
12585
6684
7200
7200
6982
6774
6385
6033
1200
540
4997
5039
5581
6650
5985
7200
3600
7606
7606
3600
3600
3600
3600
3600
1200
1200
1200
1200
1200
1200
1200
1200
14879
7200
3600
3600
3600
1020
1020
12814
10728
1200
1860
3600
1860
1200
1860
6649
6491
6247
6153
1200
1200
9911
8387
7096
7112
6755
6524
6152
1200
1200
2340
2340
2340
2340
2340
2340
2340
2340
2340
2340
2340
2340
2340
2340
2340
2340
2340
2340
2340
2340
1800
1800
10990
3600
3600
41555
30976
30980
30980
30980
31020
12722
20231
20232
20232
20232
20232
2400
1260
600
300
180
8446
7200
7200
7200
7200
7200
19627
17675
23490
11596
13789
8128
7762
7235
7371
7632
7560
7311
10137
5421
5637
1821
1828
1828
1828
1829
34731
34830
34835
34846
34436
34637
34644
16579
34404
34407
34412
34416
34306
34735
34705
34762
1800
34736
7490
34741
7200
34740
1834
7200
7200
34733
7200
7200
34741
7200
7200
7200
34562
7200
16180
7200
7200
7200
7200
7200
7200
7200
34573
6259
1110
5755
520
4259
2048
2055
2055
2055
2055
1867
1867
385
305
305
305
305
1745
6012
5079
4307
6023
6025
5962
5970
5901
1636
5908
35026
1472
1473
1473
540
160
8586
84
84
84
84
84
4612
540
9164
1800
1800
540
540
7200
1800
7200
1800
40859
540
7200
540
1800
540
10110
9958
8102
1800
6172
540
6109
5744
1800
7620
1800
1800
6080
540
5776
5724
5605
5701
940
983
2348
2400
7888
2400
2401
7200
2510
9766
5051
30340
6472
6478
6489
6490
6490
6250
6251
6252
6253
6253
2590
6502
5406
5450
7182
5334
540
540
3320
3351
540
16387
13741
12331
19
33
33
33
33
3441
1800
11814
1800
1800
1073
11878
8062
8064
8067
8070
1142
1800
1221
68
58
58
58
58
58
1800
23970
1800
1800
1800
102
102
102
102
102
102
540
1800
540
5744
105
108
108
110
110
111
2630
918
996
996
996
900
600
5899
9136
9241
5654
1800
5853
34374
22183
3600
28765
6613
6532
6534
1800
41278
28780
27092
27105
35472
32706
28334
6736
6007
6197
24447
24467
24470
24475
24476
600
24477
1800
9031
11217
600
3597
5389
10893
5105
600
3600
3600
3600
3600
600
16128
3600
16066
4681
600
4206
4012
8017
7200
11897
5513
1800
8654
6451
600
1800
600
1800
3645
3646
3476
1800
1800
1800
1800
3096
1800
3049
1800
600
7317
1800
1800
1800
1800
600
1800
1800
1800
1800
1800
1800
1800
600
1800
1800
1800
1800
1800
1800
1800
1800
6877
1800
1800
1800
4952
1800
1800
1800
1800
1800
1800
1800
6868
1800
1800
1800
1800
3584
600
1800
540
1060
928
2557
1982
540
1481
304
231
231
231
231
231
231
231
231
231
231
231
1145
1084
540
540
824
1074
1053
2415
1165
7150
6941
6578
1382
5238
5672
1800
6466
1800
6113
5821
300
900
9033
9052
3600
3145
3504
3504
900
900
12782
2700
3600
540
7200
5677
2700
900
6945
420
7200
6695
7200
1800
420
3600
3600
3600
7200
5520
5520
5520
600
11289
10926
540
7101
1800
1020
1020
3600
3600
3600
3600
6349
1020
540
600
3600
9835
10061
6290
1020
1020
1020
8165
8077
8077
8077
2700
6984
6984
8069
6780
6781
3600
3600
3600
6660
6661
1020
6634
6654
6589
6505
8132
7580
6673
1800
600
1800
60
1800
1800
1800
3600
1800
1800
2700
1800
2700
60
11756
1800
60
3600
3600
3600
7542
32820
3600
3600
3600
7252
7311
7286
7120
6445
300
60
120
7049
300
14018
6008
6718
1800
600
120
3600
6623
120
1800
5796
300
5750
6415
6288
6686
6526
6051
6051
3600
3600
3600
3600
3600
5949
3600
5781
1800
5740
9758
5315
10037
3600
9951
5663
1800
3600
4955
5305
900
5339
5306
7391
1800
10079
3600
4260
6032
3600
14886
6850
3600
7405
15029
6343
15129
3600
5984
6974
2700
600
3600
2640
3600
18063
2640
2640
5391
1800
9666
3600
5222
1800
1800
31797
21393
7465
4478
4484
4833
4833
5171
5174
5188
5193
22692
7834
22660
6967
22747
7394
19348
8552
8572
19110
1800
1800
1800
9217
1800
5335
1800
1800
6880
5239
1800
4833
1800
5109
1800
1800
1800
5619
1800
1800
5110
1800
3600
3600
3600
3600
3600
3600
10273
9554
9555
9555
7338
7338
11489
7338
7339
4265
4266
3600
27316
31176
31751
6233
7058
7055
7054
7057
12013
13198
12171
7721
7200
7200
7200
7200
7200
7200
7200
7200
7424
44144
3600
7355
1800
7530
7564
6335
48087
48377
48379
48381
48382
48384
48385
48386
48388
48343
39653
6474
48344
5465
47821
47822
47827
47829
47830
47832
47833
47834
47771
47773
600
3600
600
43781
600
32446
7037
7965
5929
5858
6441
13427
8288
45960
42887
42887
42887
42887
42887
42888
42955
6836
42346
9271
42996
5400
33808
7200
7200
6914
6919
8151
5913
5809
4897
6708
2640
13345
13412
13415
13415
13412
13416
13413
13420
18000
13431
13437
13434
13406
13406
13394
13402
13409
13394
13404
13414
2040
18000
6584
3600
3600
3600
6553
3600
6459
9333
3600
9080
9080
9080
9080
9080
3600
3600
3600
3600
3600
3600
3600
3600
3600
3600
3600
3600
3600
3600
3600
3600
3600
3600
3600
3600
3600
3600
3600
3600
3600
3600
3600
3600
3600
3600
3600
3600
3600
3600
3600
3600
3600
3600
3600
3600
3600
3600
3600
3600
3600
3600
3600
3600
3600
3600
3600
3600
3600
3600
3600
3600
3600
3600
3600
3600
3600
3600
3600
3600
3600
3600
3600
3600
3600
3600
3600
3600
3600
3600
3600
3600
3600
3600
3600
3600
3600
3600
3600
3600
3600
3600
3600
3600
3600
3600
3600
3600
3600
3600
3600
3600
3600
3600
3600
3600
3600
3600
3600
3600
3600
3600
3600
3600
3600
3600
3600
3600
3600
3600
3600
3600
3600
3600
3600
3600
3600
3600
3600
3600
3600
3600
3600
3600
3600
3600
3600
3600
3600
3600
3600
3600
3600
3600
3600
3600
3445
3448
3451
3423
3425
3428
3431
3431
3433
3436
3439
3442
3444
3447
3450
3452
3455
3455
3458
3460
3451
3455
3455
3460
3465
3470
3475
3479
3390
3395
3395
3400
3403
3398
3199
3202
3201
2957
2958
2958
2958
2960
2960
2912
2916
2920
2924
2924
2927
2931
2040
2935
2939
2943
2947
2990
2990
2994
2998
3002
3006
3010
3014
3018
17189
540
2047
2688
2694
540
540
540
1757
540
540
540
540
540
1366
29790
3600
3600
3600
3600
3600
3600
3600
3600
3600
3600
3600
3600
3600
3600
3600
3600
3600
3600
3600
3600
3600
3600
3600
3600
3600
3600
3600
3600
3600
3600
3600
2167
2173
2176
2179
2183
2186
2136
1884
1888
1628
1374
757
759
759
759
714
717
720
723
726
729
732
735
738
741
744
744
747
750
752
755
758
791
791
794
797
800
803
806
809
812
815
818
818
821
824
827
830
833
836
839
842
842
845
848
851
854
857
860
863
866
715
727
727
724
571
568
572
556
556
560
564
569
573
578
582
587
591
596
596
600
605
609
614
618
667
672
676
23679
3880
25042
39960
2750
6117
1800
1800
6509
2113
2441
2710
2713
2599
2602
880
1075
1076
1076
1076
1076
1080
1081
1081
1081
8717
7729
7744
5675
5693
14667
2825
4756
5472
3001
3004
3005
3025
2053
2054
2056
2057
1800
2098
2047
10020
2040
2448
2040
11984
2552
1800
2040
2262
2192
2040
900
7471
3600
3600
3600
3600
3600
3600
3600
3600
3600
3600
3600
3600
3600
3600
3600
3600
3600
3600
3600
900
7369
3600
5536
3600
4165
3600
900
3619
3600
3589
3590
3592
3593
3535
3536
3546
3550
3492
3493
3505
3506
3513
3515
3522
3522
3405
3406
3228
3244
3191
3193
3202
3203
3211
3212
3158
3159
3215
3257
3263
3265
1178
900
2406
2414
894
550
550
2399
2444
2445
828
12263
717
28
4412
2175
88
2117
2001
900
23320
29088
8827
130
86
79
23308
266
265
262
262
949
751
244
691
651
594
1037
587
582
23425
576
573
2056
248
240
25582
1927
504
403
18563
352
412
353
357
357
354
354
354
10020
243
10020
1729
2233
1706
10020
4343
1711
152
1577
164
208
1800
832
1200
1200
540
1200
1200
1200
1200
1200
10885
1200
840
840
840
5756
4491
5689
3600
3600
3600
3600
1800
3600
1800
1800
4688
4690
41673
3600
3600
8502
5040
14874
10839
1800
3600
8442
41498
41503
3600
3600
3600
3600
1500
1500
10800
38538
11990
45491
2040
45403
2040
11092
900
900
18452
3600
900
9223
9357
46178
900
900
1200
1200
56103
2340
2340
1200
600
2340
2340
2340
3600
2340
2340
3600
8433
3600
20499
44790
600
12061
23036
45042
17692
44823
20307
44980
45044
11708
7200
7200
7200
600
1200
2340
2340
2340
2340
2340
600
1200
1200
41015
13211
3600
52781
52699
13418
54934
19862
20227
120
3600
3600
3600
600
60
41013
40625
12600
12600
63351
63389
63403
63410
63420
63431
63442
63453
63463
63477
63487
63496
63504
63511
63523
63531
63539
63546
63556
63564
63575
63584
15148
29644
3600
3600
3600
3600
3600
3600
3600
3600
3600
3600
61055
1800
1800
59974
18444
18495
18496
3600
3600
23552
3600
7620
7620
3600
7620
7620
20917
3600
16703
3600
3600
3600
7200
7526
7527
47917
43674
26357
43548
43474
26277
3600
10464
35547
3600
3600
3600
35834
6709
6636
3600
3600
3600
3600
3600
1800
10020
3600
25870
3600
25068
7108
5130
3600
19641
240
7498
3600
2040
3600
2040
6783
7200
8045
3600
3600
3600
3600
2040
3600
2040
6824
2040
2040
540
540
540
540
540
6159
3486
3600
3600
3600
3600
1860
2765
2766
2766
1860
540
2806
2806
2709
2710
2710
1860
5851
22968
28037
7360
4740
8583
4740
7831
18302
12891
17364
3600
4740
1800
40471
32379
44948
1800
2700
2700
26174
2700
27904
27978
27988
18282
4512
34304
20417
23110
30530
21006
18000
18000
18000
13179
9122
9123
9123
9123
12023
1800
360
360
360
360
360
360
360
6870
360
360
360
360
360
360
360
360
360
360
360
360
360
1800
1800
3600
42138
40999
40999
41016
41024
41031
12889
12908
12903
9546
14485
14501
14501
14508
14515
14257
14126
1800
10937
10848
10818
10824
10824
10837
10844
10242
10201
10208
10207
10220
10226
9587
10419
1800
1800
13227
4500
15747
5980
10580
15781
24577
24265
13269
10367
29715
14411
11642
15342
12109
23564
5980
2040
10369
10370
10371
2040
35273
1800
34933
1800
1800
2040
1020
720
720
540
540
1800
540
2040
2040
1800
1800
1800
1800
2040
2040
14866
4200
15029
4200
18704
4098
5008
5009
15558
12953
12473
4381
3075
27278
17028
21796
60
60
15264
3600
3600
600
3600
3600
600
16183
3600
600
3600
600
15941
600
600
600
3600
600
600
11236
11450
1359
1460
1464
1396
1375
1346
1354
1378
1369
1359
1377
1400
1397
1412
1318
1419
240
240
240
5348
240
240
240
240
240
240
240
240
240
240
240
240
240
600
240
240
120
240
240
240
240
240
240
240
240
120
240
3600
60
240
240
5424
4392
4688
4715
1002
900
600
3057
2662
600
600
60
60
1166
1169
1169
1169
1169
900
1169
900
600
30478
60
120
60
1333
1342
1342
1342
1342
900
1342
900
600
42287
360
8582
1800
8363
8363
8363
360
360
1800
360
360
360
360
1800
360
360
1800
47607
42469
42023
15252
42876
42880
38980
43412
45490
46779
46025
46035
46111
46111
12134
360
1800
1800
47845
38204
26591
10020
23684
1800
1800
13410
13034
10964
27040
29272
12496
12314
4740
4740
9414
9416
7620
7620
7620
8160
27434
27434
26673
14767
10762
10883
10883
10883
10883
10868
11224
9672
9672
9672
8723
54065
10610
10610
10610
10610
10633
34804
38723
43886
10014
9241
9241
43220
9322
48529
11132
11169
9623
9623
9623
11135
8958
8963
7620
50403
44773
34984
8123
7200
6124
6126
5954
5905
5865
6977
36118
10924
10925
10925
9953
41722
11503
2040
1020
10852
10852
10852
9283
2040
10972
8483
51099
50532
51233
540
540
8822
540
540
540
3600
3600
3600
40719
9602
8818
8819
8119
29139
26130
9038
7488
3600
7200
3600
3600
9130
3600
3600
6563
6575
3600
8406
8407
8407
8407
35180
3600
9507
37181
8334
8334
8335
35627
28593
3600
3600
3600
3600
3600
3600
3600
3600
7669
7669
7669
6811
7181
50168
51041
9832
9832
9832
9832
46129
46098
10477
9978
9978
10073
10074
9174
9175
7930
60015
8253
8702
8702
8703
8465
8465
8465
7572
8193
9583
7590
7590
7591
360
9308
9309
8787
32797
8045
8046
8047
7348
8848
7978
7670
6848
6848
53691
53953
30258
54017
53986
46218
10020
7851
7600
7600
57355
7604
7179
44866
7253
7253
7187
7187
7134
6817
6803
6803
6614
6614
40876
3600
3600
45046
59802
60123
60046
60045
60059
60061
43820
43834
43868
6960
43873
43871
43876
43881
43884
43861
43865
17787
43869
43874
43877
43879
50285
43915
9813
15538
15540
15541
15542
10136
10105
10109
40087
10114
10114
10125
40160
7200
7200
7200
39946
7200
7200
7200
7200
7200
9697
39620
9646
39914
46142
39751
24948
24949
3600
24949
12524
7024
7022
7022
25127
25127
25128
25128
25128
25128
9812
1800
7200
7200
7200
48076
10764
7200
8642
48359
7200
5050
12673
12241
4844
4844
4844
4982
8941
5802
1800
24325
24434
120
3600
1800
27389
120
60
1800
120
9848
60
33176
23764
120
20629
60
8898
16235
7201
9056
120
14317
60
2731
1800
120
8534
7146
8533
2597
1680
120
4714
21098
3087
120
120
120
1800
16861
120
1800
1976
10844
2263
3386
3386
3386
10738
8346
360
2226
1888
1546
1546
1546
360
360
2109
120
360
679
689
19227
360
1870
120
900
360
40048
1658
1292
120
1349
120
1800
19015
1800
1800
1800
120
1800
1800
900
603
604
1296
120
4870
120
120
17913
120
120
1108
120
7200
35
73
1020
9
10223
15851
3952
3952
3952
3953
10549
10549
10549
1661
240
120
1472
120
619
1778
120
15015
594
60
120
60
1782
385
120
280
66
1948
1941
1860
1941
1860
900
1389
900
600
1782
120
452
1551
120
3832
1242
1242
1242
1242
1241
900
1241
900
600
564
564
564
563
563
563
562
562
562
21117
12758
3928
3928
3928
2052
2052
2052
1980
32213
1698
2507
2557
2717
2732
2619
2622
21806
5091
5091
5092
120
2827
3887
3887
3887
120
1813
2449
5182
8173
8191
8090
5594
5636
5636
3047
1800
3600
1800
3600
1800
3600
3600
3600
3600
3600
5074
5074
5074
4282
5190
5196
60
120
60
60
120
43363
120
6193
120
120
3540
60
60
120
60
3600
3600
3600
3600
3600
3540
3540
3540
3540
10800
14426
48748
1800
120
120
120
120
56794
240
240
600
600
3600
3600
3600
3600
3600
3600
3600
3600
4668
42448
900
900
1800
1800
900
1860
900
2040
3540
3540
2040
2040
600
600
600
600
600
600
600
600
600
600
600
600
600
600
600
600
600
600
600
600
600
1860
2040
600
60
2040
3548
3550
3550
3025
3025
3025
2040
26324
60
2040
526
600
600
900
30643
1800
900
600
600
101
106
1800
600
60
1800
60
600
6
600
600
600
1020
4755
600
483
600
600
600
600
1020
600
600
60
600
1800
900
600
600
5400
5400
1800
1800
1020
48217
7200
13565
68305
68328
68328
68328
50989
51068
51068
25787
3600
19335
10431
60
1020
29613
60
9673
8875
9797
3600
3600
3600
3600
28441
7200
21557
1020
60
44853
1020
7200
28551
3032
60
18728
2922
1020
60
7200
240
42671
2899
240
2003
1800
42201
42040
1800
42063
7200
420
3600
3600
3096
1800
3600
1800
4006
3965
1761
6099
3600
420
4286
5913
420
3991
600
600
600
600
600
600
600
600
600
600
600
600
600
600
600
600
600
600
600
600
600
600
600
600
600
600
600
600
600
600
600
600
600
600
3540
3540
3540
600
3540
600
600
600
600
600
600
600
600
600
600
600
600
600
600
600
600
600
1800
3600
3600
3600
3600
3600
5228
3234
3600
1800
600
600
600
3600
3587
3586
3600
3600
3600
1800
1800
1800
2894
6636
10010
44757
9909
3191
42902
33112
23750
600
600
600
600
600
600
600
600
600
600
600
600
600
600
600
600
600
600
600
600
600
9539
600
600
600
600
600
600
49207
600
18704
18201
600
600
600
600
600
600
600
600
600
10020
1743
2779
36862
9738
18088
17754
17761
3771
1440
3974
6939
3871
3841
6843
10972
3715
10277
7433
9877
9958
9661
9633
9466
9205
6866
1006
3605
2250
3398
2213
3372
3348
948
1190
1404
1405
1405
3676
2071
37471
37494
32669
37483
18997
37357
742
4341
12942
33496
13112
13112
13112
33496
22304
13112
33496
24423
24593
49048
21555
15641
24593
22297
22297
22297
43193
43193
6525
8756
22679
6761
30111
49982
30111
52074
41169
56257
41169
50684
50927
50927
41366
50927
39137
3309
51552
1800
1800
1800
1800
1800
4379
1800
6089
6081
6082
6086
1800
6096
2473
1800
2832
1315
1800
2806
2611
2611
2612
2617
2768
24395
19214
37487
27670
2779
2787
16335
2787
2787
2687
18971
3600
11738
11740
11741
11745
3540
3540
3463
3497
3600
3467
3468
2072
3558
6746
6515
38472
38060
1034
1436
1440
1496
1496
18586
6401
18548
6080
5047
3600
3600
13208
3473
3600
35179
3600
13450
3083
13246
2988
9251
7566
2879
3847
2851
2703
5671
5427
5429
3636
5443
5445
5451
5496
2800
3571
5199
5180
5129
5157
2703
2682
5191
5247
5272
5295
5307
5316
5523
5502
5504
5333
5337
5341
5363
5404
13656
13629
2021
797
797
586
895
682
682
971
1746
1664
569
614
7139
6052
6101
5457
5284
5210
5242
5426
5442
5457
4956
2586
5014
5199
5199
5199
4287
4296
4296
1371
1873
2746
1897
1897
1865
3384
1731
1731
1732
900
1744
900
900
900
1935
1987
1853
3720
1829
49227
875
17968
49929
936
60
34309
655
809
19461
60
732
11209
39550
31642
27114
27123
27128
19267
19268
19270
19275
19283
19288
14820
14817
14824
14829
14835
935
14846
14852
14847
14853
14859
14888
952
900
1249
1212
5243
5092
13930
5188
14393
14394
5182
4999
14533
4930
9257
22676
6469
1007
592
575
6649
3201
1544
771
771
22493
22460
253
248
343
345
249
10059
10502
120
120
120
5241
120
62
120
120
120
367
189
9
7
3734
8629
1800
11329
127
3690
1800
3620
1800
3659
3550
3521
5997
6391
6073
3624
6301
32939
11214
5329
1761
9051
123
17565
134
2402
63
50
35
36
2390
19
22
25
40
1634
2520
60
23867
120
60
577
166
1211
1505
1528
60
60
1736
60
1734
1715
60
601
2520
156
170
1055
533
539
543
537
60
60
240
248
246
360
360
360
52070
46705
46796
46730
2520
360
34975
1800
60
1800
60
1800
1915
60
2520
60
60
4746
4236
3090
2466
1800
1972
1954
1935
6127
1874
1857
1840
2024
6278
5295
5290
5323
1671
60
60
35270
60
60
60
60
60
60
40775
2407
37807
33297
1800
207
260
206
255
242
33358
33418
33446
19702
33473
236
19390
585
822
891
1726
12869
887
886
871
852
838
783
767
4246
1614
1614
1614
655
676
645
900
33605
31783
29832
551
29831
29838
33997
2405
29900
29859
32857
109
22663
4257
97
4321
183
28404
11464
165
609
700
22620
14992
23272
1029
274
4187
859
4319
857
12077
1045
1336
842
3600
15339
571
1513
1539
7200
3600
3600
3600
2367
243
539
290
24788
18971
35764
4034
2434
956
1117
3467
2806
3361
3081
1200
37864
2285
2062
1923
1787
1649
7820
1641
1623
6820
19527
1583
1564
1555
1546
6841
6841
6841
1689
2248
2350
1096
4302
4011
911
2531
1506
1517
794
819
9453
9475
2736
2737
6940
6940
6941
6941
1270
1219
1159
6117
10598
7165
10293
6722
6722
6722
22533
8461
4635
6152
6152
6152
6279
7373
41371
2330
5927
5544
5544
5544
5544
5544
5544
5544
5544
5545
5545
5545
5545
5545
5545
5545
5545
5545
5545
5545
5545
5545
5545
5471
5471
5472
5472
5474
5474
5475
5476
3291
2820
2820
2820
2821
33784
33765
4853
6960
21751
5123
5123
5124
7389
56130
56126
53567
42535
42535
25662
7200
25069
19065
27343
25807
25507
13771
71787
59834
7270
18584
18345
65737
7329
65616
59739
18442
35494
65549
65453
65460
65501
8542
65501
65523
65516
65546
65538
65542
65554
65619
8310
66098
62324
62107
50806
47447
3600
47122
25663
12292
20149
9012
23785
11653
9664
16362
1800
32252
13599
7480
7424
7319
240
34238
240
7258
31046
27575
5138
240
47207
240
40517
10329
34571
10330
10330
10330
1800
4902
240
5025
240
4796
3540
240
1800
1200
3540
1800
3600
33198
7005
7005
7000
7001
7001
7002
7003
7003
7003
7004
6981
6984
6986
6988
33277
6991
6993
6995
3600
900
32430
240
240
12458
3011
3600
240
1200
240
3600
240
2865
1200
240
2608
2548
2549
2502
2489
2479
3540
6785
19613
8040
240
240
13704
11211
11216
11216
11217
11216
11218
11220
11221
240
11241
240
11204
5168
5169
27644
5169
240
240
8483
240
240
26927
20001
240
14121
38298
240
240
9988
14363
7200
8207
240
7200
4112
240
240
8106
23857
6216
3946
7200
7294
31645
6798
5680
5681
10771
1992
23848
8296
8296
8296
8731
1920
14087
11935
11938
11940
1800
23638
1603
1900
1800
1338
1373
600
7200
7200
240
240
1356
1800
862
887
600
300
4677
3600
1800
300
9118
10666
10689
10656
4870
25095
3790
300
17904
14411
1729
14443
8121
22589
20967
16375
900
43190
1200
7200
11147
3531
9898
6758
6688
1800
6722
3600
3600
50213
1800
11825
3600
1800
1800
3600
11365
11175
1200
11157
6405
6405
6405
6405
41412
11282
11305
5043
11089
10969
10857
10880
10785
3600
9641
3600
3600
1800
1800
1800
1112
1200
1407
1411
2609
1200
1800
3600
1200
6084
1229
1241
1230
1312
1493
1494
1496
900
900
600
900
5243
1200
2549
7091
7287
600
7216
7225
6570
3600
600
3600
7081
6963
6966
6970
600
3600
7060
4669
600
600
4576
4576
4576
25276
600
60
2492
4315
1274
1283
1283
1309
6825
1371
7200
13924
11337
11343
9701
7200
6278
6389
6389
6390
3540
480
480
480
5757
300
300
60
60
60
60
60
47559
52010
52013
7030
45532
33824
33824
5435
6330
4515
4515
4515
3818
38258
6644
5716
5716
5716
5716
39272
7656
9013
9023
9023
10203
10204
10204
43111
8111
36552
17770
8419
11872
11299
7620
9210
120
3600
3600
3600
3600
9964
1800
3600
3600
15273
10685
10698
3600
12708
12709
12710
12710
10339
1800
11455
27568
23364
10151
8121
8121
8121
8122
8122
8123
8123
8123
8123
7833
7833
7833
7833
7834
7834
7835
7835
7836
7836
7838
7838
7838
7839
7839
7840
7840
7841
7841
7842
7842
7191
7155
6955
6000
10426
10426
10426
3600
10170
42161
24804
24843
24842
300
300
11506
11506
11506
11572
300
300
300
300
300
300
300
120
120
120
120
11498
20235
10965
10965
10965
49448
10187
44226
44226
39227
29398
29440
29517
29654
29478
32743
32764
32794
11296
11296
11296
11296
7200
7200
7200
7200
7200
7200
7200
7200
7200
7200
7200
7200
7200
11993
120
120
120
120
120
300
300
300
360
10356
6003
6003
40683
360
39977
360
39852
40098
360
360
360
40340
360
31764
22668
9839
14118
11250
6589
6589
6590
11536
51051
51051
46673
46229
49535
39937
52486
47728
47728
47729
11633
7200
7200
7200
7200
7200
7200
7200
21407
15265
7200
9808
45324
34993
31698
30739
30759
17495
31060
10632
37225
33628
33308
33533
33314
11574
44031
45156
35914
3600
3600
2520
2520
2520
2520
2520
2520
2520
3600
2520
2520
3600
2520
3600
2520
3600
2520
2520
3600
3600
3600
3600
3600
1860
3600
1860
900
1020
1020
56250
1020
56313
1020
7200
7200
7200
7200
7200
7200
7200
56520
1020
7200
56970
41816
36130
12825
35390
35347
26821
26822
26722
29922
30065
29749
8438
3600
3600
32667
3600
9357
30656
9513
9935
9231
8847
8546
360
360
360
9043
9083
9083
50595
50835
51086
360
39076
51603
360
39671
39859
600
9107
600
32863
28524
28568
600
29367
1860
900
1860
32279
28250
31491
1800
1800
31127
1800
1800
13828
1800
32429
1800
11062
11062
11062
1800
1800
1800
10940
1800
1800
540
1800
540
540
1800
1200
7200
1800
2520
1800
2520
2520
2520
2520
1860
1800
3600
3600
3600
3600
3600
1860
3600
1860
900
11927
11927
11927
1020
1800
1800
1020
7200
1020
1020
1020
1800
1020
540
540
35754
1020
1020
48078
1020
1200
7200
7200
1020
1800
48509
48512
1800
1020
1800
4200
1800
4200
48427
48173
17833
48274
48291
8253
48216
48225
48232
21381
25634
3744
6617
6622
6625
6629
6402
6405
6409
3844
22346
1800
16071
3604
15961
3441
1800
12322
3405
1020
12300
14863
7942
1020
18478
18733
1020
1800
11230
11231
1020
7673
7673
7673
2855
7646
2710
1800
31972
1020
11015
1020
1020
1020
1020
1020
8802
1020
1020
1020
1020
1020
13831
4320
29838
540
540
540
37808
540
540
5701
540
32373
540
540
540
540
540
540
540
540
9114
9116
540
9153
540
9150
9151
9152
9154
9107
9108
540
540
540
540
540
6643
6643
6644
4320
11648
4059
7821
19594
11886
4125
281
587
587
587
589
6883
6884
5963
12934
6666
19005
18830
18830
18830
8200
11181
7471
8181
8181
8181
7174
8869
8869
8869
6562
15533
7200
7200
55851
56133
56133
37728
38010
7200
12499
9486
12600
12600
14275
3600
3600
7200
3600
13451
7200
7200
33413
3600
7200
27602
3600
22734
3600
26308
3600
3600
3600
1800
6086
16938
37155
7200
900
1800
3600
1800
3600
14651
1800
22548
1800
3600
3600
60
3600
3600
2362
17823
2368
4990
3600
1800
1800
3600
1800
3600
17765
3547
3070
29690
1789
1800
60
1800
9496
9207
15491
1440
15741
15741
1440
60
4020
1200
2738
1800
49134
1800
1800
4464
1800
1524
3600
12695
540
540
540
540
540
3647
540
540
540
1800
540
1800
50538
13378
44588
1800
5701
5705
5706
5708
5709
35390
3600
7200
7644
1800
7200
7200
3600
3600
35720
35720
7200
6454
900
1800
3600
6265
3600
52285
3600
52387
7200
1800
1800
3600
3600
33034
1800
1800
3600
3600
3600
600
1800
49460
49460
49510
1800
49403
9691
49405
49406
49406
49406
49406
49406
49406
49406
49406
49407
49407
49407
49346
49346
49346
49347
49347
49347
49347
49347
49347
49347
49347
49348
49348
49348
49348
49348
49348
49352
49352
26324
26324
1800
900
3600
8922
600
32430
9250
9252
2040
3600
3600
3600
8539
2040
8797
2040
4020
4020
31856
31868
4020
4020
4020
9338
9268
8302
8306
4020
1020
1020
1020
1020
1020
1020
1020
1020
1020
1020
1020
1020
1020
1020
1020
1020
1020
1800
1020
1020
1020
1800
1800
1020
1800
1020
1800
1020
1020
1020
1800
1800
1800
1800
5481
6718
5393
