0
0
1
2
11
16
27
29
66
82
80
121
70
65
122
183
175
167
161
162
160
189
349
374
376
281
256
120
120
372
239
363
393
393
388
250
237
234
243
226
233
454
478
458
609
675
641
599
560
523
495
120
120
120
1345
1373
1305
1242
1402
1905
1512
1512
1512
1512
1213
1212
1280
1209
1143
1067
1071
982
915
929
873
862
599
579
578
575
563
536
570
570
506
505
504
560
554
555
556
523
521
521
518
514
531
465
465
463
461
496
513
540
737
661
660
925
902
792
761
758
741
726
743
908
969
935
906
867
828
787
753
720
688
667
638
617
597
572
558
534
1000
906
967
60
60
1059
887
1196
1470
1581
1501
1502
1505
1425
1504
1504
1505
1506
1507
1507
1556
1279
1365
1366
1237
1219
1217
1167
1048
984
1051
1051
1051
1052
1052
900
1053
900
1020
1027
1020
1020
1020
1020
1020
1020
900
1020
933
903
912
906
899
874
1020
1572
1450
1463
2052
3184
3055
2852
2854
2857
3192
4088
6263
5988
5737
3660
1860
2460
5847
5855
3660
2460
5972
5725
5386
4856
4564
4389
4527
4354
4188
4111
4042
3888
3740
3599
3463
3332
3207
3087
3087
2872
5972
5972
5972
5972
5974
5979
5980
5980
5441
5994
7116
6808
1020
6695
6275
6238
5989
5974
1020
5650
1020
4517
1800
4411
4558
1800
4201
4050
5315
5315
5315
4165
4165
3561
2757
2756
2756
2756
2207
2207
2207
2207
2207
2207
1961
1962
1962
1676
1676
1677
1676
1676
1550
1550
1551
1378
1378
1378
1378
1378
1378
1378
1800
1355
1355
1355
2236
1020
1800
1800
1800
1800
1800
1339
1800
722
722
668
668
668
669
670
670
670
671
554
554
554
554
554
475
474
474
376
374
375
373
373
361
1034
777
782
60
890
221
221
222
1243
68
68
68
1145
4
4
4
3
3
2
2
1
2
1
1
1
1107
29
27
27
28
28
28
28
28
28
1564
1460
1028
654
94
93
93
99
99
99
88
88
88
643
78
78
78
84
84
84
996
101
101
101
963
420
929
1537
692
1463
1095
1648
415
460
460
460
845
1164
915
886
677
655
386
1106
1068
802
747
725
309
728
366
365
585
697
4071
2400
3926
1200
600
300
7291
5883
5880
5880
6005
5728
3600
3468
3468
3468
1800
5119
1800
3600
3600
5210
1080
1080
1080
1020
3600
2700
3600
3600
3600
3600
1080
1020
3261
3261
3261
1080
1800
1800
1020
180
180
4415
4415
3853
3853
2200
3552
300
1020
2951
900
2005
2721
2513
1800
2601
3408
3096
300
2284
2271
2959
1800
2792
2520
2745
1800
1020
1738
1703
1548
1627
1401
1576
1586
1540
1637
1463
1539
1658
3720
1360
1320
3711
4741
1457
1264
1310
1412
1384
1318
1020
1254
1800
1800
1800
1800
1800
1800
1701
1020
2633
1706
2603
2603
2047
1939
2264
2419
2351
2425
3059
2061
1800
2040
1911
2102
2013
1951
1890
2349
2322
2111
2015
1922
1997
1894
2051
3609
3404
3352
2166
2079
1999
1927
1854
1743
1742
1639
1734
2077
2022
2078
1985
1864
2023
2054
1690
2133
1639
1552
1408
2084
1304
1390
1932
1264
1416
1403
1500
1598
1316
1411
1483
1580
1677
1473
1141
1209
1858
1923
1853
1574
1646
1420
1418
1437
1672
1957
2215
1897
1804
5199
1785
3308
6613
1800
2040
5436
2040
4836
1800
4626
1020
1020
4210
4088
4121
4854
4889
4932
4971
5011
5050
5089
5125
5168
5207
5246
5282
5321
5342
5342
5342
5342
1800
1800
1800
1800
2881
1800
1800
1800
1800
1800
2701
2606
2740
4411
4419
2852
4566
4395
4395
4395
4395
4395
4395
3697
3746
3747
3747
3326
3521
3521
3521
3521
3521
3523
3669
3563
3884
3779
3643
4169
3860
3857
3857
3857
3857
3857
3857
3857
3857
3857
3859
5764
5793
5793
5793
5793
5793
5793
5793
5793
5793
5793
2986
3123
3123
6778
8057
8354
8693
3600
3600
4800
8002
7683
4800
4800
4800
4800
4800
6858
4800
4800
4800
4800
6025
5973
4560
4413
4270
4800
1800
5152
5100
2400
2460
600
300
5127
3598
3598
3598
2400
2460
600
300
5083
2938
2836
2751
5126
5341
4893
4630
4627
3600
3600
3600
4316
4763
3880
2802
2665
2665
2584
2506
4113
4362
4753
6723
7790
7009
7557
8109
8182
8241
8241
8241
8241
8241
7396
7085
6159
6127
6128
5750
5731
5659
5694
5773
5583
5616
5667
5718
5769
5820
5870
5921
1020
5378
5950
5860
6363
6415
6468
6522
6575
6628
6681
6735
6787
6831
6831
6832
1020
1020
5050
4780
5108
5057
4820
5105
5464
5508
1020
1020
1800
1020
1800
4593
4361
1800
1800
1800
600
6434
600
300
1020
3608
3522
4706
600
1800
4180
4044
600
1800
3400
600
600
2614
1800
1885
1800
2148
2073
3834
1600
3065
1646
1935
2002
746
746
2836
717
1149
9990
10058
578
1800
1800
1800
1661
2815
583
1625
1559
60
60
1800
1800
600
600
893
945
874
850
2491
2491
805
600
600
1501
1455
2453
2437
652
695
1616
1564
1539
579
1148
2193
3054
1800
1224
1800
1800
529
5286
1792
985
738
795
885
4903
582
585
1352
1365
1409
1410
1414
2279
560
564
518
522
486
175
1043
1082
1055
216
202
1920
1064
361
799
761
675
283
658
1025
662
1819
1836
254
293
902
877
636
636
727
275
284
895
262
90
80
80
79
77
680
1834
74
77
16
18
530
26
645
34
428
429
425
917
620
905
929
977
989
1025
268
338
832
364
3
360
424
622
89
1777
639
499
557
513
3855
916
3791
1857
2178
377
372
717
451
637
655
625
245
2151
660
613
6728
32
540
1800
1800
1800
1720
1674
540
1020
1800
1800
1020
1800
1800
1800
540
1800
6447
1800
540
2370
6406
900
2454
2180
540
2113
4734
1835
900
540
4494
1470
3385
4745
1467
840
1473
900
1649
1444
1236
840
1442
900
1232
1639
1856
1253
1207
1200
1733
900
1558
1000
3453
1258
3282
953
929
905
1341
3773
1140
900
3330
900
900
1571
1271
1511
1474
1438
900
1409
1645
3837
1133
3842
1114
900
900
900
1637
900
1458
1393
1154
1364
1096
4278
1350
1076
1294
4743
1501
1254
1462
1425
1388
4590
1335
4593
4595
4234
4247
900
4256
1249
3675
900
7968
4304
1301
3624
1162
1800
3813
4072
3655
1044
1018
1219
3973
1179
1070
3869
3906
3899
984
3793
4005
3305
3308
1255
1223
1240
2555
2562
1804
1796
1780
5262
4026
4077
5256
5244
5254
4985
1800
1800
1800
1800
1800
1800
1800
4340
6859
6614
6615
3850
3855
2096
2153
2160
2106
4436
6713
6538
2662
2532
2434
2359
3148
5498
3069
5384
3032
2950
2953
7250
7227
7232
7249
2882
2826
2815
1800
2927
1800
1800
3520
3333
3600
3600
9347
1800
1800
1800
4365
1800
1800
1800
3600
3600
9480
7443
3174
2400
3219
3010
3600
3600
3600
3558
7677
3600
6174
6124
1800
1800
1800
1800
13129
13070
13085
9288
9910
6791
6839
6796
3600
8188
6442
8945
6537
12050
6916
11754
11613
10250
10247
10255
10329
6116
1800
10682
1800
1800
7444
7663
7526
8020
8066
8619
8809
8809
8040
7200
1800
1800
13072
12924
9000
3600
7181
6998
6807
6807
6807
1800
6787
6786
6786
6786
6786
6786
6787
6682
6681
6682
6682
6682
6683
6682
6683
6683
7201
1800
1800
1800
1800
3600
1800
1800
1800
4166
3254
4147
15105
3075
15108
3100
1800
2961
3843
3943
3645
2831
2340
1200
3478
9867
3385
2748
8933
2569
3038
8036
14042
2359
2889
2241
2244
2922
2289
1800
8423
8380
1800
10910
2480
7704
10543
10544
4247
8037
1800
5896
16031
1800
1800
3100
9317
9305
7560
4913
1800
3181
3600
2340
1200
2340
3202
1800
2340
4570
2737
2991
3600
3600
3600
1800
3600
9601
3600
1800
9175
1800
9197
1800
9097
1800
1800
5432
5837
9204
10210
3600
8985
8283
7850
3600
3600
3600
3600
5089
3600
4919
4812
4720
4332
4127
3938
3824
4020
6052
6097
6417
6376
6376
5924
5771
5255
5209
5209
4894
4768
4719
4719
4719
11910
12840
11979
12236
12240
10816
10839
9584
9548
9549
12727
7970
7754
6042
1800
1800
14402
14403
1800
1800
1800
13675
13670
1800
60
1800
13403
60
10069
5417
10071
4862
3309
2340
1200
3600
60
2340
60
60
60
60
5844
20497
60
3898
1800
3993
60
60
3621
3638
11133
3338
2340
1200
11145
60
8588
3943
8732
60
1800
1800
600
2236
8218
2897
1800
600
600
2390
600
2672
2555
60
180
2634
600
1800
7958
7798
3017
180
7537
3600
1800
2375
1800
1800
2778
2156
1098
1108
1108
2692
1800
1800
1948
600
1906
904
1875
1800
1800
2487
1800
600
600
1800
1800
1800
1755
1636
416
600
261
6866
600
327
1541
600
600
594
1486
1475
1409
1353
1366
1264
1362
1518
2170
1508
6945
6610
1476
1437
6578
1400
1362
6489
6463
6473
180
6526
6507
483
1263
600
1218
1187
60
929
60
883
1147
985
240
962
585
1004
655
1243
1131
5970
240
240
575
240
1800
1800
240
1800
1800
5759
2040
1800
5572
1800
1800
1800
1800
11813
11814
1800
240
5525
2040
1800
3600
1800
1800
5045
1800
4883
1800
3600
3600
4400
1800
1800
4195
1800
3600
1800
3964
3865
9199
1800
1800
8375
2984
8165
4125
1800
2946
3821
10224
1800
1800
1800
1800
3503
9256
1800
1800
3288
1800
3157
1800
5883
3005
1800
3108
3037
1800
2820
5742
2613
2547
2474
2363
2391
2380
2178
60
1800
1800
1800
3058
8133
1800
1800
1800
3368
2790
3201
1800
3540
1800
4089
3540
1800
1800
1800
6741
1800
10185
1800
3679
1800
1800
1800
1800
1800
3417
1800
1800
1800
1800
1800
1800
3182
1800
8815
2823
1800
1800
1800
1800
240
1800
1800
240
240
2847
240
21502
2681
21504
1800
2063
1800
1800
2555
2555
2555
2555
2577
1990
1800
1800
2381
1800
1800
1800
1800
1491
1738
1686
240
1695
240
2377
2312
1791
2357
2299
2244
2192
1806
600
2059
2021
1940
2030
1982
1938
600
1894
1850
3849
600
1778
3538
600
1673
600
1641
1603
1606
1610
1020
8999
8429
2040
2040
1800
1800
7515
1200
17284
3600
600
21000
10097
21000
23865
23882
23883
19934
23946
3540
19873
3540
3540
6415
3540
15818
13807
3540
15094
6729
3540
6774
3540
9482
3540
5400
3540
3540
3540
6606
9257
3600
3600
3600
1800
1800
1800
6444
5700
1800
1800
1800
5400
1800
6843
3540
3600
3600
3600
3540
21415
1800
3600
3600
3600
3600
6632
14877
1800
1800
15056
1800
1800
4769
12439
1800
3028
1800
900
480
1800
10588
4782
14385
10084
2833
2834
2834
2672
2672
2672
2672
3600
3600
3600
4734
2754
4961
8262
1800
3718
3220
3220
3220
7999
1800
3320
3320
3320
1800
1800
1800
1800
3824
1800
1800
16605
1570
1504
1504
1297
1297
3181
1800
3108
1800
1800
1800
1800
2004
1800
1800
1800
7498
2005
2020
2020
600
1864
1864
1817
600
2872
3269
3184
1931
1931
1931
1986
1986
1986
17777
1755
1800
1800
1180
1114
6777
1826
1774
2655
1800
1800
1800
2322
11815
1854
1854
1800
900
480
636
600
1800
600
1800
3600
3600
3600
1800
3600
3600
3600
4299
3600
3600
3600
3600
3600
3600
420
6851
1800
5407
5400
1800
1800
1800
1800
5035
600
600
600
3600
600
600
1800
1800
4085
1800
1800
1800
1800
3226
3127
3127
14200
3104
3104
3105
1800
3600
3600
1800
1800
3723
3600
2442
2445
2445
1800
1800
3600
1800
2476
1800
1800
1800
1800
2040
1800
1903
1903
1838
1838
1838
1800
1839
1839
1839
1842
1842
1842
2040
1800
1800
1831
2127
1975
3650
3816
1800
2040
2196
2242
2103
5157
12019
5511
3820
3074
5386
11960
2952
3921
5387
2006
2010
2010
2010
5261
2011
2011
1627
1864
1801
1757
1714
1800
1674
1800
11520
8770
10292
2849
10103
2013
7964
7465
7235
963
7208
7057
2047
2049
1963
1148
15788
1122
10997
15894
1105
3600
3600
3600
3600
4615
11142
15873
15907
7179
1800
1800
1800
1800
1800
1800
1800
1800
1800
7200
1800
1800
4403
1800
6552
1800
1800
6238
1800
1800
1800
5889
20921
3600
3600
3600
3600
23236
23284
23285
23286
21000
1800
3600
3600
3600
20875
14637
13214
3600
3600
3600
28857
28859
21000
420
7239
420
420
18741
3540
2040
3540
420
3540
2040
3540
6484
3540
8051
2040
1800
420
2040
3540
420
2040
26798
3540
6587
26863
3540
2040
1800
1800
6644
3540
6493
1800
3540
3540
1800
3600
1800
4140
10777
5515
2040
10640
1800
1800
1800
1800
13767
5578
13793
1800
1800
1800
1800
2040
3600
8598
240
11868
4154
13732
240
2040
3600
6020
7577
3600
3600
4748
4762
4762
4762
5295
4810
5057
4909
4450
1800
2040
1800
4838
1800
1800
1800
1860
1380
3873
1800
1800
1800
9142
1800
3923
1800
3222
3223
3223
3229
3229
3230
3597
1800
3600
3947
1800
1800
1800
18803
18846
1800
3600
12085
1800
1800
7634
5297
4127
1800
3956
1800
300
1200
2051
12111
120
10555
120
10501
13816
1800
10598
1800
3600
3600
10439
1800
1800
3600
1800
4797
1800
13611
11064
1800
1800
1800
5759
1800
5366
1800
12248
1800
4071
1800
2427
1800
3600
1800
4558
1800
3055
2980
2980
1800
2980
4481
4542
4394
1800
10020
5326
5326
5326
5326
5326
4560
1860
1380
120
10706
1800
1800
10634
1800
10020
1800
2178
8268
10020
120
10020
1542
1675
1740
120
120
19467
1800
120
8640
1800
1800
14849
6000
10020
1800
1800
8285
1800
10020
1800
1800
5286
1800
1800
6000
1800
5046
1800
1800
1800
5566
1800
1800
1800
8678
8678
8678
8678
8678
4560
1860
1380
33726
8640
5044
5809
8640
9589
8216
30648
6499
6706
6873
7027
4712
4713
4713
4713
4713
4560
1860
1380
5007
8640
8640
8640
17293
8640
14400
13466
13467
13467
13467
9120
4560
1860
1380
14065
11617
8640
35450
35186
8669
3600
35341
3600
19371
22470
37937
37839
8640
1800
1800
45725
45727
1800
1800
11382
9507
1800
1800
1800
1800
1800
1800
1800
11671
13631
1800
1800
4020
9427
1800
8764
1800
1800
120
120
120
10750
120
60
600
1800
600
600
600
4020
1800
1800
600
1800
1200
1800
1800
1800
1800
60
9844
1800
1800
10288
1800
10511
1800
1800
1800
30459
1800
1800
1800
11578
1800
7117
28089
20544
27710
27710
21678
12350
12652
12727
12803
13100
41419
39144
13107
4408
4204
4030
3897
3808
3746
4099
14271
4391
4587
16219
8040
27879
22136
6981
7200
7019
6852
6816
6665
18348
7200
7200
7200
7192
7005
23814
1800
1800
1800
1800
1800
1800
1800
30129
7200
7200
7200
6898
6703
1800
1800
7200
7200
7200
7200
7200
7200
7200
7200
6961
1800
1800
6725
6807
6458
1800
1800
1800
1800
1800
1800
38110
38135
38148
38179
1800
1800
1800
29615
1800
13189
13491
7200
7200
7200
7200
7200
7200
33754
7200
7200
7200
1800
1800
28192
28722
28722
28722
21000
21844
46567
10253
46843
3600
32945
7044
7100
32804
6717
6575
3600
6000
6000
6200
6000
6084
5930
7016
17092
17096
6000
8279
1800
1800
3600
11948
12582
1800
8838
7200
3600
7200
1800
1800
6000
6000
14495
1800
1800
6000
5801
6000
6000
5801
1800
22737
5190
1800
41994
1800
7408
5533
7462
4927
5040
9617
11925
10681
7921
5040
1800
3195
5040
7200
7265
7200
7200
5040
7200
7012
7725
7718
5040
10112
5602
1800
1020
24239
23568
2255
1020
2871
1800
1800
1020
1800
3532
7996
3687
3355
2975
3565
9726
24962
1800
4266
1200
2480
1200
1800
4213
2669
1200
1200
3593
1200
3373
1200
3212
3019
3012
3156
1200
1200
10458
1200
1200
3981
3615
2601
2551
4953
6077
6381
16081
5591
1800
9538
20598
9682
9770
9541
9543
9546
9543
9546
9549
9543
9548
9553
9545
9550
9555
9545
15497
20553
20553
20553
11620
3600
2340
1200
3600
1800
6895
7960
7931
7931
1800
1800
1800
5208
3600
1800
3600
7075
3600
3600
1800
1800
6000
3600
1800
3600
600
3600
4886
11952
1200
600
5027
600
1200
600
1200
3785
4509
4612
3711
16016
3711
3712
600
3257
3257
3257
4559
3679
3412
3415
3393
4119
3254
3793
3025
2416
3526
1781
1752
3482
600
1200
1981
2999
3728
600
915
1710
347
1200
1885
600
1200
600
1431
600
1459
1538
495
2343
1608
1113
1621
1084
269
1678
2139
59
11717
1462
1548
583
1669
3746
3828
3829
1065
1087
1958
663
1790
8932
3840
3840
3972
5107
675
1809
664
407
14500
1507
1474
1369
4145
6525
5558
6453
12657
668
683
883
983
4423
2133
4085
749
9987
639
788
769
871
10365
1022
8806
1645
1486
1314
2870
3090
2810
2102
1717
588
487
292
606
698
117
125
508
50
490
53
605
654
2996
4718
5279
4908
3482
2943
2078
2033
2032
2498
30070
2631
2248
2432
2440
2315
5339
2710
2637
2536
2464
2465
2465
2338
2339
2341
2298
2299
7376
2631
2554
2640
2617
2671
37339
42372
20904
21133
25747
15500
3600
14718
3600
8004
7838
19054
2400
21000
21000
9000
1200
3600
3600
2400
1200
1200
3600
22762
21000
8742
8512
21000
17498
2400
1200
1200
1200
1200
1200
1200
1200
1200
1200
1200
1200
1200
10125
9585
3600
10898
8633
8063
7665
7489
7333
7163
3600
20365
20594
20594
20594
20594
20594
20594
6656
6500
9135
3600
15423
1800
3600
4260
4106
4024
3934
3843
2605
2605
2554
1910
3559
2896
2374
5872
3350
2357
5945
2237
1800
3183
3184
3184
3184
3184
3184
3184
1190
14051
7877
8029
1452
7433
2331
1346
2033
2033
2033
2033
2033
2033
2033
1140
1119
1098
1800
1800
31963
1800
5374
1800
1649
1094
3789
1558
2291
3699
1077
3743
945
841
821
1328
1200
3185
3576
3791
3406
2443
1065
1766
22779
887
916
1800
1800
785
10584
1800
744
1357
1019
809
1004
33006
33065
11344
1800
1800
1184
1185
2157
1679
29
363
328
328
1334
1334
1335
1335
584
302
1800
110
106
105
1800
736
522
444
444
452
445
445
462
446
446
455
447
447
451
448
448
1109
681
2004
9931
675
662
375
1097
240
300
201
371
977
979
893
1800
452
442
339
431
483
293
240
444
240
346
3579
522
41842
1330
1299
1060
1175
1268
1085
1085
1321
1293
993
1379
10522
10175
1672
1647
909
1507
1509
1501
1190
4268
41935
1530
1427
1184
4173
1075
4222
4211
3690
1874
4236
1763
42189
14471
1827
240
1074
951
637
639
632
558
744
10032
10038
1254
1259
1183
114
167
1095
638
539
219
1349
1049
902
190
1477
9798
625
1114
329
1027
928
564
9557
9568
551
9596
8793
8794
11694
9070
7835
8068
9
2828
2828
2391
1324
1274
1284
1266
1271
1240
1240
1030
996
8109
831
7782
830
835
849
688
751
802
804
923
789
791
813
3118
3130
3130
3130
3130
3130
3130
848
849
791
795
866
2311
10457
2672
2630
3062
2964
15881
15882
14418
14420
14422
1600
1200
14644
14664
1727
1200
14818
1800
26956
26960
1800
1800
15588
2155
1800
1800
1800
1800
1800
1800
1240
1239
1800
1137
1138
1115
1072
1072
1800
1800
1800
1800
1800
1800
1800
1800
1800
1800
1800
1800
1800
1800
12519
631
642
628
602
590
590
447
963
965
922
917
894
760
361
648
640
617
604
588
846
839
803
802
786
769
737
737
722
707
692
1219
1923
1893
1852
1770
1768
1727
1655
1655
1620
1586
1520
1522
1493
1461
1399
1398
1367
1338
1310
1256
1258
1209
1209
1182
1132
1130
1107
1061
1061
1017
1017
975
975
955
935
916
897
878
857
824
826
808
790
773
756
725
725
696
696
681
667
653
627
627
614
589
589
565
567
559
536
534
511
510
499
479
479
469
460
451
441
424
424
415
407
391
391
375
375
368
354
354
340
340
333
320
322
319
313
305
292
290
285
279
270
265
266
260
252
246
240
235
231
226
222
217
214
210
205
202
198
63
62
61
60
59
59
58
57
57
56
78
76
74
72
70
68
67
65
63
59
59
57
55
54
52
50
49
132
128
119
116
114
113
111
110
107
105
102
105
102
100
97
95
92
90
85
85
83
81
79
77
75
73
71
578
567
557
546
536
526
516
507
497
488
479
470
461
453
444
436
428
420
412
405
397
390
383
376
369
362
356
349
343
337
330
325
319
313
307
302
296
1047
1007
1007
988
969
950
931
913
896
879
862
845
829
813
1620
1588
1558
1528
1470
1470
1441
1413
1385
1358
1332
1306
1281
1256
1232
1209
1186
1163
1140
1118
1097
1076
1055
1035
995
995
958
37646
958
922
922
904
887
869
853
821
821
805
790
760
760
732
733
720
709
682
681
667
654
641
16027
617
796
766
767
755
741
714
713
697
683
670
657
645
632
609
609
586
586
564
564
543
543
523
525
1155
632
444
517
14710
14288
3489
8890
7900
3707
448
457
8636
1384
718
6511
3095
4034
3104
4039
3037
240
3598
1800
642
3968
645
5446
5649
5649
13102
1714
999
1000
641
10022
3322
2485
2487
2412
2414
1030
38491
18826
6287
6438
6438
6438
6438
6438
6438
1200
1800
15203
14766
1742
3888
1800
3699
3567
3253
2914
3427
3553
600
600
600
600
600
600
600
600
600
600
600
600
600
600
600
600
600
600
600
600
600
600
600
600
600
600
600
600
600
600
600
600
600
600
600
600
600
600
600
600
600
600
600
600
600
600
600
600
600
600
600
600
600
600
600
600
600
600
600
600
600
600
3556
600
600
600
600
600
600
600
600
600
600
600
600
600
600
600
600
600
600
600
600
600
600
600
600
600
600
600
600
600
600
600
600
3485
600
600
600
600
600
3486
600
600
600
600
600
600
600
3486
600
600
600
600
3487
600
600
600
600
3487
600
600
600
600
600
600
600
600
600
600
600
600
600
600
600
600
600
600
600
600
2610
600
600
600
600
600
600
600
600
2307
600
600
600
600
600
600
600
600
2306
600
600
600
600
600
600
600
600
600
600
600
600
600
600
600
600
600
600
600
600
600
600
600
600
600
600
600
600
600
600
600
600
600
600
600
600
600
600
600
600
600
600
600
600
600
600
600
600
867
600
600
600
600
600
600
595
594
594
594
595
595
595
595
595
344
344
344
344
344
344
344
344
344
344
344
344
344
344
344
344
344
344
345
345
345
345
345
345
345
345
345
345
346
346
346
346
346
347
347
347
347
347
347
347
347
347
209
209
209
209
205
205
205
205
899
21695
66
514
517
7003
495
498
36
803
98
8
12
15
3748
686
87
549
553
66
59
601
206
1805
735
738
87
81
744
1791
36
1310
75
40
63
63
63
63
63
63
63
63
62
62
62
62
62
62
62
62
62
62
62
62
62
62
62
62
62
62
62
61
61
61
61
61
61
61
61
61
61
61
61
61
61
61
61
61
61
60
60
60
60
60
60
60
60
60
60
60
60
60
60
60
60
60
60
60
59
59
59
59
59
59
59
59
59
59
59
59
59
59
59
59
59
59
59
59
59
57
57
57
57
57
57
57
57
57
57
57
57
57
57
57
57
57
57
57
57
57
51
51
51
51
51
51
51
51
51
51
51
51
51
51
51
51
51
51
51
51
51
51
51
45
45
45
43
43
43
43
42
1785
103
1678
1603
210
930
1076
1027
1634
881
1629
1589
1550
1741
891
258
1496
260
1474
1445
2372
896
1647
192
189
1683
246
232
1481
66
67
67
67
67
67
67
68
68
68
68
68
68
68
68
68
68
68
68
68
68
69
69
69
69
69
69
73
69
69
69
70
70
69
69
69
69
70
70
71
71
70
70
70
70
70
70
70
70
71
71
71
71
71
71
71
71
71
71
71
71
71
71
72
72
72
72
72
72
72
72
72
72
72
72
73
73
1420
97
97
1444
83
35539
850
770
18
752
666
35502
4
2
27155
939
895
832
797
1518
1446
1535
1644
883
486
738
2662
770
767
3669
1933
1855
240
546
546
546
546
546
240
349
353
282
264
7200
297
19072
355
355
1143
1152
1152
1152
1152
1159
1159
1158
1158
1158
1158
1157
1157
1158
1158
1158
1158
1158
1158
1158
1158
1158
1159
1159
1158
1158
1159
1159
1159
1159
1265
1265
1265
1265
1265
1265
1265
1265
1266
1266
5454
5343
316
316
311
311
3739
1335
208
114
103
187
1800
1318
467
524
524
524
527
527
527
527
527
527
527
527
527
527
1800
1800
3756
3759
1286
5521
5097
5100
600
600
600
1800
600
600
600
600
600
600
600
600
600
1800
1800
240
1800
1800
600
600
1800
1800
1800
1800
1800
17602
180
600
180
180
180
180
180
353
369
369
369
369
3374
78
78
110
110
110
600
600
1800
4855
3952
3957
3964
3969
3975
3981
3986
3992
3999
4005
4011
4016
4022
4028
4034
4040
4046
4059
4059
45
522
576
563
490
488
2998
427
416
405
395
387
2621
381
338
324
1800
270
2329
600
600
600
600
3721
600
600
6248
1800
600
1800
600
1800
2340
2340
2340
2340
1800
600
6493
7058
600
5934
7002
5767
600
6410
6292
5482
5393
5172
7137
600
7971
8000
8000
8000
8000
8000
8000
6269
5193
5627
1800
1800
1800
1800
1800
1800
1800
1800
1800
1800
1800
1800
1800
1800
1800
1800
4426
5875
3824
600
3832
3795
3952
1800
1800
1800
1800
1800
1800
1800
1800
1800
1200
1800
1800
1800
1800
1800
1800
1800
1800
1800
1800
1800
1800
1800
1800
1800
1800
600
3374
9419
3637
1800
3015
3297
600
3954
1589
3918
1564
40982
1533
1504
1475
2800
600
1393
1325
1800
1800
1169
4013
4001
677
688
688
3427
1202
2928
1200
825
1006
1800
1800
3168
1800
1164
3566
2816
18852
586
1156
1156
1157
1157
1157
1157
1157
1160
1158
1158
1158
1160
1158
2653
344
344
5513
9165
7965
50
28
26
31
501
619
612
2272
40137
735
735
7327
2957
2632
7574
2938
322
323
424
92
25
2884
65
64
64
3250
2782
2649
5040
4080
3071
27048
27145
27145
27145
21000
21000
21000
21000
21000
108
11254
11255
11256
11256
11299
11035
16
8245
143
269
855
57
722
387
228
71
86
242
974
408
429
432
443
468
421
296
37804
452
440
384
880
921
908
935
655
585
520
135
193
148
130
105
110
108
116
119
118
133
131
120
111
103
99
102
107
126
129
121
302
1233
137
133
131
130
129
156
139
142
142
219
193
163
137
117
108
109
109
109
104
202
200
161
138
102
98
96
92
92
1137
1123
649
1283
1259
1235
1211
1187
1174
692
667
600
588
563
540
513
513
545
533
521
491
28812
28831
35344
36136
10240
3420
3203
3204
43843
3553
3599
9721
1407
3706
18484
27942
5583
33684
38249
1800
38433
40560
41644
42731
43773
44791
44792
46763
46759
48653
49145
44922
46018
1800
47004
47016
1200
1200
1800
1800
1800
600
27941
1800
1800
3600
1800
600
600
600
1800
14520
14641
14633
14297
1800
1800
49888
50304
60
3600
18209
25175
14250
12337
23726
1800
1800
1800
1800
48913
13732
11674
11387
10426
10181
27380
9000
9000
3600
7200
12013
1800
7200
1800
10615
10346
600
3600
420
7200
600
1800
420
600
1800
1800
10856
600
600
420
600
3600
600
9061
7190
9089
9091
600
1800
8859
9977
1800
1800
1800
44798
1800
600
600
600
600
600
600
43458
600
600
600
600
600
600
42685
600
600
600
600
600
600
600
600
600
600
600
600
600
600
600
600
600
600
600
600
600
600
600
600
600
600
600
35753
1800
35764
7727
2400
35823
8771
8418
3600
600
600
600
600
600
2400
5453
2400
600
5396
1800
4748
1800
1800
2400
2400
600
600
600
600
600
600
2400
4800
420
3600
3600
30369
4949
30376
3600
2400
3600
1200
3600
1200
1200
2400
12141
1800
1800
1800
2400
3600
1800
1800
3600
1200
3434
2400
3441
2400
2400
3332
1200
420
420
1200
840
5886
840
1800
1800
1757
840
1707
1707
4254
2681
3600
3600
3600
3600
3600
14160
4384
356
875
875
875
875
3810
3027
1831
14952
1998
830
831
831
831
954
2188
3679
1845
2268
2277
2280
1800
23554
1800
1800
15377
1800
1800
1800
3565
1800
764
768
768
768
768
3575
1800
1800
3188
1800
1762
2998
1800
2958
2904
2851
3222
22465
3162
3104
1200
1200
540
1200
28359
1200
1200
1200
1800
1800
20828
20837
17770
600
1200
1020
840
276
1686
840
279
28202
1020
2478
5625
1020
5948
5834
321
413
413
413
413
5961
17
19
3600
5556
185
185
186
214
213
40641
41650
3600
2700
3994
5232
31711
3600
4020
42860
17865
17868
17535
17537
600
6187
6219
6220
600
7163
1020
1020
1020
1020
2340
2340
2340
2340
2340
2340
60
1020
2340
2340
2340
9428
60
1020
1800
2400
28414
10674
11012
9491
9247
7200
2340
2340
2340
60995
2340
2340
2340
59972
1020
59972
1020
60
7200
7200
7200
60
60
1020
1020
60
60
600
900
2340
2340
600
3600
3600
600
1020
1020
900
600
1800
9402
600
600
1020
3600
6765
1020
25626
6520
600
1020
3600
2700
600
1020
25553
25555
6439
6559
600
600
6293
3600
3600
3600
3600
4223
600
4102
120
3983
3691
2830
900
900
5656
5035
14689
25532
600
120
1800
1800
1800
10020
10436
10438
10440
120
11084
22666
9551
9560
600
9598
600
7200
7200
7200
7200
7200
7200
7200
7200
7200
7200
7200
7200
7200
7200
7200
1020
120
600
1020
600
1020
600
9795
24031
600
24031
4708
10112
5991
600
26088
9770
25530
9380
9186
9186
9186
3600
3600
10817
3600
10020
3600
10020
10444
10475
10237
3600
10037
3600
3600
3514
3514
3514
3514
10020
9917
1800
2720
7200
7200
7200
7200
7200
3446
3448
850
1800
9177
1800
942
7200
7200
363
4488
9845
4390
9676
9093
330
277
7554
6706
48439
48754
9824
21646
4269
4177
2340
2340
2340
2340
3600
3600
120
2700
2700
3554
3600
3216
3216
3140
14843
19530
20067
20569
21110
21641
21645
21647
21651
4286
4027
4297
4128
4131
3977
3932
3933
3934
3790
3809
3798
3798
3849
3842
3805
3808
3813
3812
3833
6147
5874
1759
1854
7200
7015
7026
7017
7049
5201
5947
5007
5302
13801
5411
6909
6654
6006
5679
5144
4700
1200
540
3409
3460
4258
5757
4816
6689
3600
7229
7229
3600
3600
3600
3600
3600
1200
1200
1200
1200
1200
1200
1200
1200
17633
7200
3600
3600
3600
1020
1020
14935
11861
1200
1860
3600
1860
1200
1860
6815
6645
6275
6112
1200
1200
11520
9490
7200
7200
6751
6376
5849
1200
1200
2340
2340
2340
2340
2340
2340
2340
2340
2340
2340
2340
2340
2340
2340
2340
2340
2340
2340
2340
2340
1800
1800
12731
3600
3600
55794
40410
40419
40419
40419
40459
14371
25367
25370
25370
25370
25370
2400
1260
600
300
180
8198
7200
7200
7200
7200
7200
22642
18520
27595
10808
12988
6887
6181
5746
5909
5991
5910
5787
8881
2804
3469
1915
1900
1899
1899
1899
42756
42982
42987
42999
42772
42933
42940
18266
42400
42402
42406
42409
42423
2759
3427
42672
42635
2756
42654
1800
42621
5816
42626
5841
42622
2032
5843
5847
42613
5851
5852
42620
5857
5860
5760
42538
5769
17237
5850
5854
5583
7200
5587
5591
5593
42337
2193
2340
1065
2340
551
2100
2083
2083
2083
2083
2236
2236
2340
2340
2340
2340
2340
2154
4260
2747
1845
4318
4320
4228
4238
4095
2250
4103
42328
2447
2446
2446
540
2340
7422
2340
2340
2340
2340
2340
2408
540
9549
1702
1800
540
540
7200
1800
7200
1800
52951
540
7200
540
1800
540
10551
10261
7479
60
5835
540
5788
5277
354
7620
675
783
5622
540
4228
4143
4023
5224
1681
1533
116
351
6908
242
151
6947
50
8996
3712
38189
5066
5073
5085
5087
5087
4481
4481
4483
4484
4484
4
4641
3960
4051
5729
3489
252
523
1508
1514
540
17439
14200
12267
2321
2198
2198
2198
2198
1674
1703
11501
196
286
1310
11605
7217
7219
7222
7226
1178
569
975
2191
2168
2168
2168
2168
1200
204
29426
329
210
224
2149
2149
2149
2149
2149
1200
540
255
540
5421
1260
1253
1253
1250
1250
1250
1549
334
512
512
512
512
512
6761
11283
11517
6537
1800
7040
44969
29043
3600
38512
7200
7200
7200
1800
54435
38437
34876
34907
46070
43703
37217
7200
6718
7178
30903
30925
30929
30934
30935
600
30937
1800
10715
13594
600
3152
5559
12959
4849
600
3315
3600
3600
3600
600
17603
3354
17546
3902
600
3336
3078
8371
7200
12231
4042
1800
7895
5421
258
37
309
1474
1734
1735
1459
1407
1408
1028
1010
960
998
917
979
600
7186
991
991
918
923
600
941
941
942
652
575
592
523
600
437
438
440
440
1800
432
430
425
6566
419
420
422
3610
444
373
374
376
1800
385
390
6562
407
407
412
361
2014
600
1800
539
1274
1311
851
134
540
430
2266
2099
2099
2099
2099
1860
2099
1860
900
1860
900
600
790
804
540
540
1179
652
671
973
394
7980
7628
7121
118
5619
6194
1800
7375
1800
6942
6517
300
900
10329
10374
3600
1928
2772
2772
900
900
14991
2700
3600
540
7200
5341
2700
900
7743
420
7200
7151
7200
1800
420
3600
3600
3600
7200
5520
5520
5520
600
12915
12198
540
7145
1800
1020
1020
3600
3600
3600
3600
5483
1020
540
600
3600
10852
10324
5336
1020
1020
1020
7786
7671
7672
7672
2700
6188
6188
7384
5819
5820
3343
3345
3345
5611
5613
1020
5516
5539
5432
5286
8002
6514
5260
1800
600
1800
60
1800
1800
1800
2939
1800
1800
2700
1800
2700
60
13047
1800
60
3600
3600
3600
7849
40777
3600
3600
3600
7343
7410
7381
7119
5979
300
60
120
6933
300
15914
5268
6425
1800
600
120
3600
6191
120
1800
4807
300
4719
5818
5610
6178
6002
5305
5306
3600
3600
3600
3600
3600
5129
2488
4827
1800
4754
10188
4006
10795
3600
10639
4582
1800
3469
3392
4076
900
4132
4108
7035
1800
9878
2423
2228
3600
4393
3600
3600
3600
16753
5780
3501
5952
16588
5191
16714
3547
4797
6128
2700
600
3443
2640
3476
19324
2470
2470
3518
1800
9297
3347
3251
1800
1800
38236
24873
6405
2739
2753
3115
3115
3589
3592
3608
3614
26886
7612
26806
6614
26903
7446
22282
8155
8192
21735
1800
1800
1800
1800
8943
1800
3909
1800
1800
5848
3774
1800
3092
1800
3625
1800
1800
1800
4045
1800
1800
3731
1800
2020
1928
1974
1894
2160
2393
10886
9740
9740
9740
6836
6836
12035
6837
6837
2825
2826
2129
34101
37657
38690
6162
7198
7195
7193
7196
13755
15353
13686
7857
7200
7200
7200
7200
7200
7200
7200
7200
7525
55170
3600
7523
1800
7438
7525
5912
60740
61402
61404
61406
61408
61410
61411
61413
61414
61329
49491
6308
61331
4084
60024
60025
60031
60033
60034
60036
60037
60038
59961
59963
600
3600
600
55820
600
39029
6445
7419
5135
4773
5868
15171
8819
60279
54333
54333
54333
54334
54334
54334
54409
6851
53686
10201
54357
5400
41151
7200
7200
6535
6539
8196
5235
5030
3965
6286
2640
15039
15192
15195
15195
15192
15196
15192
15200
18000
15213
15220
15216
15162
15162
15148
15158
15166
15149
15160
15171
2040
18000
6265
3600
3600
3600
6179
3600
6011
10091
3600
10041
10041
10041
10041
10041
3600
3600
3600
3600
3600
3600
3600
3600
3600
3600
3600
3600
3600
3600
3600
3600
3600
3600
3600
3600
3600
3600
3600
3600
3600
3600
3600
3600
3600
3600
3600
3600
3600
3600
3600
3600
3600
3600
3600
3600
3600
3600
3600
3600
3600
3600
3600
3600
3600
3600
3600
3600
3600
3600
3600
3600
3600
3600
3600
3600
3600
3600
3600
3600
3600
3600
3600
3600
3600
3600
3600
3600
3600
3600
3600
3295
3283
3285
3287
3279
3057
3059
3061
2845
2845
2846
2848
2849
2851
2852
2854
2856
2857
2874
2878
2881
2884
2887
2890
2893
2893
2897
2900
2903
2906
2909
2762
2751
2746
2386
2386
2381
2374
2376
2376
2176
2178
2178
2181
2183
2186
2188
2190
2193
2195
2195
2197
2166
2169
2173
2176
2180
2183
2186
2151
2151
2154
2161
2161
2149
1964
1967
1970
1939
1942
1945
1948
1948
1951
1954
1957
1960
1963
1966
1969
1972
1975
1975
1978
1981
1966
1971
1971
1976
1982
1987
1993
1998
1898
1903
1903
1909
1912
1907
1695
1698
1698
1456
1457
1457
1457
1459
1459
1415
1419
1423
1428
1428
1432
1436
2040
1440
1445
1449
1453
1502
1502
1506
1511
1515
1519
1524
1528
1532
18000
540
135
809
815
540
540
540
201
540
540
540
540
540
457
35205
3600
3600
3600
3600
3600
3600
3600
3600
3600
3600
3600
3600
3600
3600
3600
3600
3600
3600
3600
3600
3600
3600
3600
3600
3600
3600
3600
3600
3600
3600
3600
1192
1198
1201
1205
1209
1213
1108
781
785
464
152
1187
1185
1185
1185
1262
1259
1256
1252
1249
1246
1242
1239
1236
1233
1229
1229
1226
1223
1219
1216
1213
1177
1177
1173
1170
1167
1164
1160
1157
1154
1150
1147
1147
1144
1140
1137
1134
1131
1127
1124
1121
1121
1117
1114
1111
1108
1104
1101
1098
1094
1156
1143
1142
1145
855
858
854
813
813
809
804
799
794
789
784
779
774
770
770
765
760
755
750
745
690
685
681
28586
3623
31065
49779
1532
6657
1651
1459
7708
1517
1895
2187
2190
2067
2071
131
789
790
790
790
790
795
796
796
796
9397
8354
8371
5332
5876
18250
2165
4673
5696
2435
2439
2440
2461
1199
1199
1201
1202
1800
1246
1176
10020
2040
801
2040
13227
862
861
2040
527
447
2040
424
6980
3600
3600
3600
3600
3600
3600
3600
3600
3600
3600
3600
3600
3600
3600
3600
3600
3600
3600
3600
189
6944
3600
4572
3241
2700
2134
900
1895
1896
1863
1865
1889
1891
1776
1778
1789
1793
1680
1681
1694
1695
1703
1704
1712
1712
1493
1495
1372
1389
1289
1290
1300
1301
1310
1311
1209
1211
1231
1231
1157
1159
1564
900
161
179
900
1800
1800
1074
1176
1177
900
12262
900
900
2998
37
900
33
57
900
26915
34921
9186
1576
1476
1470
27104
1784
1782
1779
1779
834
900
1638
900
900
900
597
900
900
28046
900
900
584
1468
1449
28923
462
900
1763
20102
900
1728
900
900
1188
1169
1169
1169
10020
900
10020
80
1028
64
10020
3500
38
900
75
900
900
1235
1517
1200
1200
540
1200
1200
1200
1200
1200
11806
1200
840
840
840
5890
5423
7073
3600
3600
3600
3600
1800
3600
1800
1800
5624
5625
52773
3600
3600
10343
5040
18559
12855
1800
3600
9998
52523
52528
3600
3600
3600
3600
1500
1500
10800
48381
15403
59174
2040
58948
2040
14043
900
900
23137
3600
900
10706
11018
57586
900
900
1200
1200
69075
2340
2340
1200
600
2340
2340
2340
3600
2340
2340
3600
9087
3600
23775
55457
600
14000
27061
55722
20633
55080
23234
55218
55285
13264
7200
7200
7200
600
1200
2340
2340
2340
2340
2340
600
1200
1200
49866
14716
3600
64062
63902
14925
66314
21722
22598
120
3600
3600
3600
600
60
45783
44873
11628
11629
74100
74183
74199
74206
74216
74229
74240
74252
74262
74277
74288
74297
74306
74312
74325
74333
74342
74350
74360
74368
74380
74389
13964
30854
3600
3600
3600
3600
3600
3600
3600
3600
3600
3600
71506
1800
1800
70478
18250
18371
18371
3600
3600
23361
3600
7620
7620
3600
5323
5328
20107
3600
15100
3600
3600
3600
4324
4326
4327
52950
48003
26229
47877
47815
26158
3600
8149
37300
3600
3600
3600
37562
3159
3097
3600
2969
3488
3510
3536
1800
10020
2483
26017
1743
25282
3785
1604
3600
18197
240
3710
1096
2040
3039
2040
2805
5026
4392
3211
2178
1533
1236
2040
1173
2040
3491
2040
2040
540
540
540
540
540
3360
36
361
361
361
361
513
458
455
455
455
540
373
372
327
324
324
324
2971
24032
30054
6303
4740
7687
4740
6694
19523
13180
18107
3600
3952
1800
44893
34892
50134
1800
2700
2700
27765
2700
29459
29532
29543
18475
2690
36933
20734
24264
33100
22281
18000
18000
18000
13602
7873
7874
7874
7874
11053
1800
360
360
360
360
360
360
360
5281
360
360
360
360
360
360
360
360
360
360
360
360
360
1800
1800
3600
44856
43662
43662
43677
43685
43691
10999
11017
11011
5375
11790
11805
11804
11808
11814
11308
11088
637
7288
7166
7132
7137
7137
7146
7152
6387
6342
6347
6346
6355
6360
5241
6586
110
84
9572
1940
12002
1436
6846
12168
22935
22353
9857
6268
28137
11845
8748
13279
9262
21633
2369
2040
7853
7854
7855
1632
36434
1800
38211
1800
1800
2040
1020
720
720
540
540
1800
540
2040
2040
1800
1800
1800
1800
2040
2040
13737
2798
13748
3334
17750
1274
2068
2069
14476
11064
11163
1284
108
28076
15713
21102
60
60
13663
316
1132
109
976
979
31
14891
892
201
1094
97
14496
199
194
232
2662
77
88
9709
9919
1873
1564
1559
1595
1580
1573
1565
1502
1475
1450
1382
1321
1293
1240
1349
1267
240
240
240
3451
240
240
240
240
240
240
240
240
240
240
240
240
240
600
240
240
120
240
240
240
240
240
240
240
240
120
240
3600
60
240
240
3683
2497
3128
3182
741
727
600
1063
665
423
415
60
60
458
453
453
453
453
453
453
453
453
33510
60
120
60
91
70
70
70
70
70
70
70
70
48059
360
9905
1800
9667
9667
9667
360
360
1800
360
360
360
360
1800
360
360
1800
56658
49248
49455
17678
49786
49790
44810
49826
53017
54506
56220
56245
56330
56330
14539
360
1800
1800
59428
46622
33492
10020
29786
1800
1800
16036
15397
12768
31867
34852
14795
13861
4740
4740
10513
10515
7620
7620
7620
9042
31449
31449
30649
16389
10993
11550
11550
11550
11550
11310
11163
9659
9659
9659
8447
60646
10515
10515
10516
10516
10487
37794
42973
48851
9762
8950
8950
47774
8935
53634
10785
10952
9326
9326
9326
10818
8138
8149
7620
58419
51892
38611
7116
6497
4573
4575
4345
4294
4252
5544
40708
10216
10216
10217
8953
47653
10693
2040
1020
10070
10070
10070
8415
2040
10102
7340
58350
57746
58823
540
540
7400
540
540
540
3600
3600
3600
47053
10069
9244
9244
8057
33597
30453
8695
6910
3600
7089
3600
3600
8683
3600
3600
5707
5728
3600
7684
7684
7685
7685
39128
3600
8821
41064
7440
7440
7441
39531
30063
3600
3600
3600
3600
3600
3600
3600
3600
6137
6137
6137
5210
5375
54135
55085
8243
8243
8243
8243
49578
49837
9175
8689
8689
8903
8903
7688
7688
6312
65937
6706
7098
7099
7099
6749
6749
6749
5768
6371
7961
5860
5861
5861
360
7727
7728
7090
38071
6230
6231
6232
5497
7144
6192
6251
5380
5380
59971
60620
32327
60686
60651
52825
10020
6309
6044
6044
63565
6047
5130
51920
5207
5207
5137
5137
5036
4692
4615
4615
4417
4417
43488
3265
3600
50580
66433
67217
67140
67137
67151
67153
47127
47142
47178
4207
47183
47207
47212
47217
47221
47208
47212
17622
47217
47221
47225
47227
53233
47259
8432
15289
15292
15293
15294
9234
9201
9204
41573
9209
9208
9218
41637
7200
7200
7200
41277
7200
7200
7200
7200
7200
8457
40701
8286
41132
48209
40774
24144
24146
964
24146
11050
3471
3469
3469
24477
24477
24477
24478
24478
24478
8073
689
7200
7200
7200
51663
7978
6582
6611
51878
6651
1460
11196
10712
753
753
754
1098
6934
1999
735
23405
23603
120
909
332
25969
120
60
213
120
8041
60
34029
22574
120
20338
60
6762
12978
3344
6921
120
13609
60
1489
1800
120
5312
3350
5922
1620
1800
120
902
18477
869
120
120
120
1800
14436
120
1800
1813
10570
1586
576
575
575
9488
6602
360
1046
1768
2042
2042
2042
360
360
1189
120
360
2512
2488
18178
360
1405
120
900
360
45206
1303
1488
120
1341
120
17995
284
5271
368
576
599
635
120
635
631
900
2140
2139
1069
120
2592
120
120
17553
120
120
650
120
6964
120
120
1020
120
10557
17391
2216
2216
2216
2217
11357
11357
11357
243
240
120
59
120
1253
379
120
16090
1220
60
120
60
460
1455
120
1414
1564
3320
3306
1860
3306
1860
900
1860
900
600
540
120
1042
368
120
2576
2245
2245
1860
2245
1860
900
1860
900
600
1384
1384
1384
1383
1383
900
1382
900
600
23367
13869
3043
3043
3043
1112
1112
1112
1088
35425
1188
1967
2315
2560
2636
2505
2498
24616
4703
4703
4703
120
2463
3470
3470
3470
120
1270
2027
5063
9102
9144
8634
5695
5790
5791
3033
1800
3600
1800
3600
1800
3600
3600
3600
3600
3600
5007
5007
5007
4204
5590
5603
60
120
60
60
120
49577
120
7156
120
120
3540
60
60
120
60
3600
3600
3600
3600
3600
3540
3540
3540
3540
10800
17019
57363
1800
120
120
120
120
65162
240
240
600
600
3600
3600
3600
3600
3600
3600
3600
3600
3597
47277
900
900
1800
1800
900
1860
900
2040
3540
3540
2040
2040
600
600
600
600
600
600
600
600
600
600
600
600
600
600
600
600
600
600
600
600
600
1695
2040
600
60
2040
1924
1940
1940
1309
1309
1309
2040
27192
60
2040
313
322
296
130
33082
1800
900
600
600
600
600
1800
600
60
1800
60
293
600
600
600
600
1020
3461
600
81
600
600
600
600
1020
600
600
60
600
1800
900
600
600
5400
5400
1800
1800
1020
55596
7200
15141
79284
79341
79341
79341
57920
58006
58006
28647
3600
21306
10056
60
1020
31367
60
9008
8000
7800
1500
1281
1314
1347
29426
7160
20831
1020
60
50073
1020
6904
31830
29
60
20779
280
1020
60
5974
240
45196
247
240
1123
1800
44880
44697
1800
44718
6058
420
3539
2912
354
1800
1553
1800
558
504
1234
4860
3600
420
3505
4624
420
3261
600
600
600
600
600
600
600
600
600
600
600
600
600
600
600
600
600
600
600
600
600
600
600
600
600
600
600
600
600
600
600
600
600
600
3540
3540
3540
600
3540
600
600
600
600
600
600
600
600
600
600
600
600
600
600
600
600
600
1800
3600
3600
3600
3600
3600
4297
2301
3600
1800
600
600
600
2728
2547
2518
2547
2603
2604
1800
1800
1800
1797
6478
10564
49422
10306
2188
47497
35515
24719
169
135
134
133
126
389
388
384
382
408
405
401
397
392
375
365
353
338
323
300
274
9766
343
305
252
214
116
125
54613
600
19696
19224
600
600
600
600
600
600
600
600
600
10020
491
1773
40722
9465
19065
18728
18735
2837
257
2999
6243
2865
2821
6084
11298
2589
10485
6931
10081
10401
9948
9919
9668
8534
6255
885
2407
187
2242
242
2232
2200
979
766
602
601
600
2385
372
40279
40312
35549
40295
19071
40041
1987
2737
13780
35936
14188
14188
14188
35936
22780
14188
35936
23913
24321
50824
23956
14809
24321
22775
22775
22775
47540
47540
5688
7389
23475
6285
31717
54661
31717
58720
45003
62523
45003
56858
57280
57280
45351
57280
42270
2397
58525
1800
1800
1800
1800
1800
3241
1800
4949
4941
4942
4945
1800
4855
568
629
656
504
1020
606
421
422
422
430
573
27958
22168
38588
27586
385
404
17500
404
404
189
21513
3600
11482
11484
11485
11489
116
870
171
197
3600
168
169
1127
814
4729
4443
38705
38279
2233
1947
1943
1899
1898
16457
3856
16492
3433
2556
3600
3600
11313
350
3600
33938
3600
11813
162
10976
281
6789
4978
399
1263
385
490
3260
3014
3015
1119
3027
3028
3034
3066
407
1041
2766
2741
2648
2719
505
527
2747
2795
2820
2843
2883
2918
3153
3135
3138
2967
2970
2974
2997
3037
13663
13639
1155
2386
2385
2142
2222
2435
2435
2016
1234
1245
2269
2135
5261
4251
4169
3448
3108
3047
3035
3174
3189
3203
2777
594
2057
2213
2213
2213
1424
1444
1444
1623
1008
72
767
767
748
1078
566
566
565
60
361
167
177
166
311
11
119
1708
87
50564
1094
18008
52098
835
60
34518
1712
1369
19228
60
1555
10880
41181
32269
27777
27785
27789
19686
19686
19687
19691
19697
19700
15141
15137
15143
15146
15151
2040
15159
15163
15191
15195
15199
15227
2029
5
1359
1351
4892
4741
11168
4822
12091
12092
4777
4623
12625
4458
7185
21617
4195
1800
1800
1800
5506
1255
1280
2047
2047
1800
1800
1800
21641
21608
2683
2676
2200
2198
2293
7541
8513
120
120
120
5069
120
2270
120
120
120
2307
240
1983
1981
2578
7251
1800
9829
240
2580
1800
2499
1800
2615
2484
2442
5615
6469
6204
2829
6410
33727
10140
3682
280
8413
240
16947
240
1738
240
240
240
240
1804
240
240
240
240
518
2520
60
24435
240
60
393
240
358
256
276
60
60
449
60
375
360
60
25
2520
643
614
349
22
11
7
8
60
60
240
392
385
304
360
360
57829
51903
51990
51580
2520
360
38345
1800
60
1800
60
1800
2372
60
2520
60
60
3758
3490
2323
1688
1800
1200
1178
1156
6634
1042
1023
1005
1361
7036
5973
5962
5993
1870
60
60
38169
60
60
60
60
60
60
42177
3415
43119
38144
1800
932
1044
956
1202
494
35632
35731
35760
21328
35787
383
20772
123
371
440
1800
15201
435
453
438
420
405
340
325
4582
1980
1980
1980
117
185
156
407
37839
35399
33494
296
33492
33499
35743
2657
33560
33533
37113
64
25961
5107
111
5205
201
29842
12973
412
1036
1117
22971
15085
25893
1200
58
4532
1200
4641
1200
11560
565
571
1200
3600
15449
263
889
922
7200
3600
3600
3600
2196
1379
124
1288
24215
20255
41981
5251
3383
1200
1820
4058
3575
3790
3831
1200
39644
2354
2173
2016
1864
1654
8597
1632
1601
7372
20526
1491
1461
1442
1422
6668
6668
6668
1447
1765
1971
671
4476
4071
482
2575
1405
1416
359
396
10252
10275
3129
3130
7253
7253
7253
7253
1670
1602
1529
6558
11596
7765
11145
7170
7170
7170
24737
9194
5013
6529
6529
6529
6776
8088
45705
2392
6223
5887
5887
5887
5887
5887
5887
5887
5887
5887
5887
5887
5887
5887
5887
5888
5888
5888
5888
5888
5888
5888
5888
5813
5813
5815
5815
5816
5816
5817
5818
3220
2584
2585
2585
2585
37728
37690
4661
7326
23386
5175
5175
5175
9538
64869
64863
61090
48232
48233
32167
7200
30978
24376
31905
29465
28782
16765
80402
65911
8636
23126
20929
73610
8851
73418
65621
21210
40281
73158
73063
73070
73111
10556
73111
73132
73125
73155
73147
73151
73163
73227
10020
73988
70017
69804
56092
53608
3600
53634
31169
13941
24439
8716
25198
12598
10131
17483
1800
34564
13840
7792
7680
7477
240
33962
240
7300
32916
27800
4483
240
50857
240
41140
9665
34428
9665
9665
9665
1800
3701
240
4070
240
3825
3262
240
1800
1200
3030
1800
3012
31525
6165
6165
6157
6157
6158
6158
6159
6159
6160
6160
6125
6127
6129
6131
31585
6134
6136
6138
2478
900
30324
240
240
11124
1395
2264
240
1200
240
2479
240
1241
1158
240
1000
948
949
917
886
882
1845
4718
17385
8040
240
240
11916
9502
9507
9507
9507
9506
9508
9510
9511
240
9530
240
9496
3679
3679
27412
3679
240
240
7211
240
187
26447
19521
240
13839
36475
129
128
7337
14423
7200
6898
34
7200
2269
113
112
6729
26084
5871
2039
6622
6568
29251
6021
4829
4830
8304
244
22874
5632
5632
5632
7074
343
13746
11610
11613
11614
391
22433
71
549
1006
1457
1418
600
7165
7181
240
240
855
1023
1443
1429
343
300
2906
2961
1800
300
8551
10283
10306
10245
4021
25494
3587
300
18802
15367
817
15384
7278
25852
23961
18863
822
43670
1200
7200
12697
4477
11428
7970
8665
1800
8476
3600
3600
53350
1800
15783
3600
1800
1800
3600
15061
14575
1200
14514
7162
7162
7162
7162
43606
14659
14607
6198
14123
13872
13632
13656
13402
3600
10327
3600
3600
1800
1800
1800
1129
1200
1674
1676
3064
1200
1800
3600
1200
5761
1199
1210
1193
1240
1354
1354
1349
900
900
600
900
5242
1200
2540
7229
7734
600
7716
7726
6798
3600
600
3475
7370
7240
7243
7247
600
3288
7306
4601
600
600
4015
4015
4015
25305
600
60
2017
3442
629
652
652
666
6461
728
7200
14334
11756
11761
10703
7200
5806
6032
6032
6032
3540
480
480
480
5317
300
300
60
60
60
60
60
48453
54554
54557
6871
47897
36043
36044
4499
5929
3585
3586
3586
3225
38665
6988
5499
5499
5499
5499
41376
8799
9636
9662
9662
10979
10980
10980
45301
9557
38612
19908
10069
13979
12595
7620
10536
120
3600
3600
3600
3600
10800
1800
3600
3600
17717
12460
12473
3600
14575
14575
14576
14577
12053
1800
13500
30217
25746
11627
9533
9534
9534
9535
9535
9535
9535
9536
9536
9246
9246
9246
9246
9247
9247
9248
9248
9249
9249
9251
9251
9251
9252
9252
9253
9253
9254
9254
9255
9255
7403
7309
7054
6000
10137
10138
10138
3600
9914
44127
25562
25642
25640
300
300
11863
11863
11863
12002
300
300
300
300
300
300
300
120
120
120
120
12132
22633
12392
12392
12392
53174
10805
47350
47350
41925
31113
31106
31178
31312
31140
35409
35429
35458
12216
12216
12216
12216
7200
7200
7200
7200
7200
7200
7200
7200
7200
7200
7200
7200
7200
11415
120
120
120
120
120
300
300
300
360
9804
5066
5066
43008
360
42291
360
42119
42263
360
360
360
42444
360
32269
22617
7869
14176
10171
5158
5158
5159
9800
51041
51041
46256
48411
49055
41245
53128
47986
47986
47986
11995
7200
7200
7200
7200
7200
7200
7200
23102
17107
7200
11087
47081
36733
34904
33290
33308
20234
33837
13133
39781
36665
36361
36527
36319
14338
50581
51145
40986
3600
3600
2520
2520
2520
2520
2520
2520
2520
3600
2520
2520
3600
2520
3600
2520
3600
2520
2520
3600
3600
3600
3600
3600
1860
3600
1860
900
1020
1020
56765
1020
56917
1020
7200
7200
7200
7200
7200
7200
7200
57018
1020
7200
57360
42029
38765
15021
37061
36961
26811
26813
26717
30217
30573
30277
9384
3600
3600
33837
3600
9704
29890
9886
10633
9999
9433
9063
360
360
360
9022
9124
9124
51183
51331
51477
360
37852
51740
360
40078
40157
600
8130
600
30451
29421
29462
600
28403
1860
900
1860
31299
26840
30856
1800
1800
34216
1800
1800
13538
1800
31982
1800
11219
11219
11219
1800
1800
1800
11019
1800
1800
540
1800
540
540
1800
1200
7200
1800
2520
1800
2520
2520
2520
2520
1860
1800
3600
3600
3600
3600
3600
1860
3600
1860
900
11031
11031
11031
1020
1800
1800
1020
7200
1020
1020
1020
1800
1020
540
540
38393
1020
1020
45367
1020
1200
7200
7200
1020
1800
45554
45557
1800
1020
1800
3291
1800
3192
45313
45071
16155
45167
45182
6631
45169
45179
45185
19918
22511
577
5530
5534
5538
5541
5326
5329
5332
726
18761
1259
13069
378
12961
100
690
10143
151
144
10175
11296
5169
4
14394
15048
12
574
7703
7703
418
4411
4411
4411
472
4777
553
181
29667
44
8800
61
87
95
226
290
7000
273
273
261
325
324
11139
4320
27184
540
520
522
36085
514
387
3277
381
31096
540
540
540
540
540
540
540
540
8554
8555
540
8560
540
8577
8577
8578
8580
8586
8587
540
197
194
185
170
4237
4237
4237
4320
8871
1865
6127
17888
10662
2299
2246
1870
1860
900
1868
4403
4403
3537
10192
4839
16204
15996
15996
15996
7404
10068
6821
7721
7721
7721
7024
9099
9099
9100
6965
16850
7200
7200
54801
55493
55493
36716
37408
7200
13046
10823
12600
12600
14584
3600
3600
7200
3600
13635
7200
7200
33804
3600
7200
30139
3600
26126
3600
28856
3600
3600
3600
1800
6080
17702
35962
7200
900
1800
3600
1800
3600
12945
1800
23274
1800
3181
2931
60
3051
2146
1119
18644
1125
3756
1806
1800
1800
1852
1800
3600
18205
1364
58
26330
126
1800
60
1800
7007
6715
12314
1440
12910
12910
1440
60
3165
1200
462
1800
43196
1800
1800
3206
1800
167
3551
10630
540
540
540
540
540
1726
540
540
540
121
540
167
44893
14421
37761
622
5941
5945
5946
5948
5949
34368
3600
7200
8005
1800
7200
7200
3600
3600
34442
34442
7200
7200
900
1800
3600
6036
3600
49750
3600
49826
7200
1800
1800
3600
3600
32946
1800
1800
3600
3600
3600
600
1800
47134
47134
47161
1800
46914
12332
46917
46917
46917
46917
46917
46917
46917
46917
46917
46918
46918
46918
46764
46764
46764
46764
46764
46764
46765
46765
46765
46765
46765
46765
46765
46765
46765
46766
46766
46769
46769
25935
25936
1800
900
3600
9934
600
31568
10126
10127
2040
3600
3600
3600
9731
2040
10502
2040
4020
4020
30387
30402
4020
4020
4020
10803
10639
9739
9738
4020
1020
1020
1020
1020
1020
1020
1020
1020
1020
1020
1020
1020
1020
1020
1020
1020
1020
1800
1020
1020
1020
1800
1800
1020
1800
1020
1800
1800
1800
1800
1800
1800
1800
1800
1800
1800
1020
1020
1020
1800
1800
1800
1800
4943
5171
4680
