86400
1800
4
8
54
80
100
94
267
378
138
338
86400
1800
346
7200
7200
48
44
119
143
620
1015
1114
699
86400
86400
120
120
660
3
650
626
666
351
1020
1
16
136
250
138
2543
2550
63
2213
2500
361
361
30
7
35
39
120
120
36
909
938
72
72
7705
3600
3600
3600
3600
86400
86400
1800
1800
2
72000
2
2
72000
2
1
50040
74
86400
86400
86400
81
7
50040
50040
3
3
3
50040
18000
18000
18000
0
0
0
0
0
425
200
200
200
200
519
540
540
86400
778
778
4911
4484
425
395
395
1800
208
92
208
3500
3600
1013
19
6
7
11
9
3
3
7
16
92
93
130
126
4484
4016
500
60
60
4016
669
3
6699
8758
4080
4080
4080
6699
4080
4080
4080
4080
4080
4080
72000
10800
6699
6699
14
14
500
9
6
738
6
6
6
6
6
6
6
6
1020
10800
99
99
99
99
99
99
99
99
10800
1048
1020
10800
10800
562
379
697
840
365
302
3679
3679
3571
3571
3571
11130
21464
6951
3473
56
56
56
56
56
56
56
56
28020
28020
5
5
7
7
6
6
7
7
6
6
7
18
29
29
30
28
28
179
0
0
0
0
0
9000
0
2342
626
649
0
13641
8
8
13800
856
12720
929
10800
1800
10800
1800
86400
86400
86400
0
0
0
0
0
0
3
0
0
0
0
0
0
0
0
1
1
1
1
4
7
4
4
4
1
0
0
0
0
0
0
1800
15
15
15
2
681
1800
1800
6
7
7
51
7
0
0
0
0
0
0
0
0
0
3
3
3
6
6
3
4
4
4
4
1
1
6
6
6
47
2460
2460
60
1800
0
0
0
10800
6
6
6
5
5
5
5
5
5
5
5
6
6
6
6
10
10
10
11
11
11
11
12527
8007
1
14
14
14
6
6
6
7
7
7
107
9
9
9
10
10
10
34
34
34
62
62
4494
1046
3853
444
3853
235
235
235
235
65
444
1980
1980
63
63
58
712
330
56
149
153
58
79
1276
1276
117
368
514
2400
222
1200
600
300
76614
7200
7200
7200
3663
3663
39
30
30
30
178
3663
197
308
499
8772
742
742
742
1020
799
608
1583
1583
1583
331
669
331
1800
1800
0
180
180
368
368
0
0
183
0
87
1015
11
608
137
11
0
995
0
0
1503
261
261
1800
0
1984
0
1800
606
12
5
5
256
1430
323
749
531
531
716
716
716
34354
535
1984
34354
76614
535
201
1800
440
446
1854
92
165
9
11
11
1800
11
11
7
0
2225
7
2225
2225
165
5196
5196
2292
2277
1348
1348
64
1800
91
64
64
143
105
0
0
2863
5667
2922
2537
2537
1649
1649
8753
7542
7542
1440
549
0
64
75
18
15
16
0
15
18
0
19
16
0
0
235
235
439
228
2644
2644
1112
1112
1112
811
811
895
895
895
659
659
659
659
659
131
510
3256
15
3256
3310
3442
3442
397
721
555
555
1164
1164
873
625
76614
2507
27
56513
59
2040
432
432
1149
25
1117
1020
1020
250
190
190
190
190
190
190
190
190
190
190
190
190
190
190
190
190
190
190
190
88
122
107
107
1178
102
73
31
71
303
2618
1838
1838
9194
9194
1984
1984
2020
2020
2020
2020
2020
2020
13807
13807
13807
13807
0
0
0
0
0
0
0
0
253
337
451
410
7779
1356
1356
1356
1356
1356
1356
1356
1356
1356
1356
1356
23262
23262
23262
23262
23262
23262
23262
23262
23262
23262
23262
1102
1102
1102
12472
7882
7882
7882
3600
3600
4800
103
103
4470
137
5
7
5
301
5
5
2
10
531
531
14
6
8
9
816
7
7
7
7
7
7
7
67
67
67
67
67
67
67
8081
0
8
12
8081
8081
2348
292
292
292
292
12
5926
5926
403
15
22
18
7
5
897
4650
4650
3313
13347
11192
11192
11192
11192
11192
11192
11192
11192
11192
2905
1521
2234
2234
2234
1750
3395
3472
3472
7175
4677
4677
4677
4677
4677
4677
4677
4677
1020
6501
11946
11514
11514
11514
11514
11514
11514
11514
11514
11514
11514
11514
11514
11514
0
44
7095
3543
3543
8133
4117
4117
4117
4117
0
0
626
0
70
0
294
65
1800
1800
600
17877
600
300
294
11037
1
66
603
52
28
42
0
57
31
3142
296
885
293
0
2171
0
885
2400
21005
8
8
496
8
13
86391
86391
207
197
197
197
392
496
207
392
323
0
5
144
144
262
262
39
407
41
36
496
496
17
600
2
8
22
1242
727
35
13
1
3
46
0
13
55
3004
12
338
21
21
892
1
498
86400
498
498
184
184
633
633
633
2547
229
229
10
10
15
58
401
401
401
77
283
2547
274
82
16
16
907
48
274
117
117
907
82
389
379
1800
1800
1800
82
202
4
164
36
38
33
30
28
1
3399
21
21
28
39
424
42
1
36
18
18
18
931
150
931
931
931
931
931
346
17
618
17
283
1
1
425
900
3399
1200
1200
524
727
34354
1337
34354
4691
86400
308
308
4452
323
1
323
1
660
4691
1
8
45912
20
540
20
20
23
42
28
540
199
20
458
187
458
93
93
540
83
86400
83
540
5426
86400
151
1856
5432
361
5432
16714
108
62
248
16714
6
33
17086
109
312
111
52
156
4
31
341
198
142
46
310
337
46
169
414
326
158
310
167
4064
281
899
37
38
31
281
8923
651
90
1218
149
148
4
175
2
2
2
79
2
2228
10124
90
10124
62
77
456
455
463
159
62
18
47
93
200
12843
129
217
55
13683
21
98
22
22
22
13683
22
13683
13683
10504
10504
302
10504
22
11257
325
45912
7982
321
11257
119
1453
11257
9188
1249
281
207
689
5824
352
50
5824
5824
5824
50
5827
15234
1452
1452
323
320
319
14623
14623
1426
1426
1239
11148
1452
3874
11148
11148
11148
6974
269
116
116
249
249
233
233
4789
86400
86400
86400
42
42
40
45
45
37
4789
18227
18227
1239
167
15
14
14
28700
56
28700
490
454
454
18227
18227
18227
18227
510
490
490
710
2938
1800
1800
194
126
1150
1150
41096
232
232
232
122
89
89
129
2574
1494
21000
6263
413
671
409
64
343
325
1
161
27901
254
605
605
2
2
2
101
13877
13877
13877
28734
50040
28
206
209
876
28581
784
50040
445
13877
14
13877
13877
7702
7702
7702
7702
24
244
35349
244
244
16
781
1323
50
50
1786
1786
1786
1786
1786
91
91
86400
86400
87
1245
343
301
2
2
2
86
2
2
2
2
2
2
2
2
2
2
2
2
2
2
2
2
526
464
44
86
86
1958
88
101
29
2393
86
1426
86376
4
86376
4
106
114
2369
439
20
114
114
114
17
10422
17
322
7513
473
31
4423
86376
473
75
202
202
99
202
514
5726
5726
477
70376
62
64
36245
34200
1462
255
57
526
85434
93
93
367
34540
34306
20
6860
992
239
1374
239
239
239
239
1800
39
6857
39
40
76
123
97
984
97
16012
877
1800
16012
5
16012
54
16012
54
54
1800
1625
8512
34278
307
8512
263
260
307
1003
888
70
21886
211
211
4007
4906
941
78
36
1
4013
6011
6011
6011
6011
6011
1
1
161
161
161
166
92
92
92
92
33512
25581
33512
21000
21000
15091
15091
27
27
27
34044
43200
43200
4
296
158
21000
36033
66
63
22
21000
21000
200
60
235
35317
60
86400
7160
86400
3594
481
481
481
481
1
441
60
60
3
10
3594
73171
12
356
967
356
4
8
174
174
34668
174
12
12
34668
17
41284
1959
2364
24
1192
1192
40
12
2364
291
27
96
81
394
12
1738
548
42
180
548
65
26
3769
3769
1457
71
2786
3600
1800
820
1800
32
698
1695
158
158
158
134
116
132
452
124
452
158
118
1518
641
499
1
102
7
0
1
1
132
47
165
158
1
4471
300
1
856
154
7
733
856
789
34
195
869
5599
2864
1
113
54
6005
6005
73
19
6005
3
4
6005
6005
6005
26
6005
6005
333
1
398
9
18
60
3672
19
2764
18
17
30
17
33
17
33
2863
2846
2737
39
29
147
7
18
15
5
13
15
565
783
21
783
27
17
4
1
17759
17759
1118
7
2973
783
1118
759
893
11
191
11
2
11
759
759
2
1784
1784
2
837
65
295
2
2
41284
295
252
43341
224
42847
2
478
224
49
6256
904
893
893
9
49
6256
488
481
3
17
3
12
11294
3
5
2841
2841
438
65
11294
3058
3067
164
1945
1839
1839
23
60
1534
252
1534
58
43
100
252
187
1839
89
428
284
104
153
1
136
1
153
153
2221
1800
12897
178
205
271
99
84
944
428
1329
1329
840
1800
3121
16
23640
1184
15
7
1184
14
7
1089
1800
17
17
3121
11
86390
2079
86390
1619
927
1457
1619
1457
1457
1457
1457
1457
927
1216
1002
4491
1002
1002
17
33
293
442
245
35
116
45
135
74
185
67
56
43
43
185
46
71
132
110
110
84
79
211
91
60
8271
386
72
8271
406
216
431
212
126
126
126
521
12897
33073
620
444
535
541
11040
64
47308
3600
600
21000
12000
21000
68949
68949
30000
21000
43196
1080
43396
891
891
3
258
86400
86040
253
86040
313
14
42
14
280
8
5400
63
68
68
295
7205
79
79
79
1800
1800
1800
373
66
70
70
162
2349
70
4844
500
494
494
494
259
43389
160
368
368
368
368
4844
41267
114
94
482
75
75
999
4713
38
263
263
263
263
1800
4711
6314
62019
777
339
339
339
4
4
4
4
829
829
829
94
4
5400
26
1800
1018
808
808
808
26
26
931
931
931
13
19
23
23
991
890
890
44649
1353
932
932
14
14
991
1298
991
423
21
1168
191
1168
280
186
27
19782
1182
1182
1182
600
790
790
790
597
595
4818
2813
919
919
919
919
919
919
68702
4
1430
1430
439
439
2243
783
31
573
1800
1800
2
406
3587
7020
3540
1800
900
480
3600
600
738
600
496
603
603
603
32
186
186
186
87
186
186
186
186
186
186
420
2
458
871
1158
871
16
699
29
106
51
0
0
439
62
158
390
32
1290
573
962
962
527
370
370
370
3587
370
370
370
1800
3600
3600
1800
30
3033
3600
1109
1109
1109
456
11
145
23
1286
1286
43
145
145
200
78
953
953
953
953
953
50
953
953
953
953
953
953
181
296
606
953
3190
1771
5400
8040
604
126
1418
3540
1289
296
14123
1987
8845
1106
1083
20989
1083
8845
1083
2525
2525
2525
2525
373
2525
2525
74
70
1
1
3
107
5
107
20989
43331
10529
2603
10529
111
173
151
151
325
318
155
3335
3335
3335
15
68702
427
3587
68702
427
3600
1772
1772
704
683
35796
68544
68544
39
1021
1005
7
7
12
14
19
12
3
3873
3
9
3873
15
3873
30
23
2657
3
8
21
557
68688
39
675
1124
479
69089
69089
30000
69089
21000
106
754
754
754
21000
47139
25131
831
831
831
82336
82336
21000
13
9017
15
18
813
988
61
610
56
8
213
7
69
62
10009
361
19
59
251
63
25
131
68612
7
392
68612
15
277
32
32
7200
58
7200
19
58
163
214
204
47
530
21171
38
429
21171
39
39
97
3
41865
99
41865
2
2
98
2
359
195
3659
240
3771
449
41865
240
248
1571
446
10009
1293
71
1660
1660
1660
1660
1
1660
8
8
1270
1800
410
1016
1
71
1016
1270
1270
1270
11
158
26
387
160
1
11
995
995
995
995
995
995
31
93
1167
1341
1341
1341
94
70864
70864
1489
1489
5664
632
632
387
387
1476
329
889
1800
300
2
2
5664
120
21312
120
21312
21312
71
539
61
118
18
539
1054
906
361
64
60
104
21
21
1800
590
590
1978
34
1913
34
363
135
193
193
162
138
1362
193
56
138
249
249
249
324
249
117
1149
1149
777
363
5709
5709
5709
5709
5709
4560
1860
1380
10
27444
135
366
27444
366
378
191
1682
378
215
6
276
1796
131
1800
10
24
70864
1800
25
8640
1030
222
14145
6000
10020
160
123
10020
264
10020
264
149
2747
217
1800
6000
142
1969
104
102
87
5977
20
74
74
15938
15938
15938
15938
9120
4560
1860
1380
86388
8640
915
5977
4078
14400
13520
68495
3581
8340
8340
8340
256
256
256
256
256
256
256
256
256
8144
8123
8640
539
8640
14400
20233
20233
20233
20233
9120
4560
1860
1380
16021
479
8112
68746
68746
1188
36
68746
36
32704
42662
68746
68746
8115
687
687
86398
86398
735
619
5284
924
800
294
294
362
276
389
1636
14400
8121
1289
1289
4020
465
465
72
1126
1126
28
29
8
7191
29
4
78
835
131
156
193
4020
1125
1125
275
860
409
389
48
46
46
60
13013
533
553
14400
41
14400
44
41
23
63961
23
37
55
14400
71
2787
86027
42396
86027
86027
43012
92
92
92
92
92
85122
85122
522
1720
333
421
519
396
398
398
522
1666
1666
21326
54
58014
19041
748
429
37
128
668
622
17336
369
353
3012
634
620
46585
45
23
1
1
2
63
103
49561
643
636
636
35
25
106
129
596
588
4
57
65
65
37
37
40
329
264
32
32
49
264
193
194
94
734
75
68892
68892
68892
68892
74
77
662
34469
43
2280
2280
574
588
588
58
58
88
58337
1038
896
945
35975
35975
30000
35975
21000
937
86379
5441
86379
3600
86031
1233
86031
271
75
3600
54
46
225
11
202
27
10
112
112
402
7210
324
40
25
19061
19061
127
5388
6123
1194
3129
129
645
420
420
1015
1800
1800
136
12
168
168
47
77
42014
42
40
86379
2
12759
47
12759
47
47
19071
20888
435
28
833
0
585
833
7200
7200
7200
833
7200
21600
12759
12759
0
59
0
585
1020
36881
36881
234
1020
234
0
43
321
84
1881
59
229
0
16
1881
668
46585
78
1224
745
228
498
90
1224
228
3
2
329
236
1159
236
872
79
79
79
56
56
1173
54
76
2066
1057
475
279
3109
10049
9992
86400
8737
1800
3109
86400
3109
3109
3109
3109
3109
3109
3109
3109
3109
3109
3109
3109
3109
3109
3109
1173
86400
86400
86400
28800
217
217
217
217
1800
6400
0
0
0
1800
111
19
375
0
21
0
5658
217
100
9
10
4424
146
16
146
212
527
3608
4422
49
390
3608
113
34
265
10
171
247
1196
171
86400
171
171
600
170
170
170
79
170
170
170
170
79
170
10
51
75
10
1800
1800
4
12
10
52
93
5664
14
11
86
11
125
1820
94
124
182
391
170
391
391
54
159
391
19
433
51
129
1977
151
129
3396
1568
1568
745
1568
7441
7441
7441
3321
3321
1568
3321
732
3396
7441
7441
7441
5274
3025
4
3025
428
86400
675
675
2
5570
28
33
313
14630
2281
2281
2281
2281
24
24
25
731
14630
731
731
731
731
14630
731
1108
3213
3213
3153
430
7319
6967
8
6
3600
2272
722
722
722
149
229
229
157
1795
90
1795
1795
6787
5
12203
12202
11
18
11
3
3
4528
57354
76
72
314
314
120
3
410
395
0
0
0
0
0
0
0
0
0
14388
109
109
752
752
807
57521
68649
24
24
34379
28785
125
21119
267
420
54
28797
374
21000
21000
54
177
612
612
270
444
307
60
33988
21000
54
28
21000
21119
461
1200
1200
1200
1200
1200
1200
1200
1200
1200
1200
1200
1200
5924
2973
135
5156
6
8
8
7
58
54
463
86400
86400
86400
86400
86400
86400
86400
0
1
5122
135
42084
1800
463
3
19
21
5
5
1
1
1
327
4
5
5
18941
4
626
18941
636
1800
206
206
206
206
206
206
206
327
86400
18288
18288
11
18042
10
4
10
10
10
10
10
10
10
4
3
4
1800
1800
85290
1800
403
115
327
191
338
327
5
8
9
8
19
48
33
8
165
1956
68
4260
75
15
39
15
41934
2067
433
43
50
272
32624
30
160
168
164
321
164
82679
82679
2441
31
46
440
440
6539
90
600
600
600
600
0
0
0
0
8
184
93
5
5
5
87
2
5
5
5
5
5
5
5
5
5
5
5
5
5
5
5
299
398
918
20546
385
291
1800
2280
1800
300
317
1800
1425
1425
0
338
11
11
337
113
364
192
33
364
4
1028
7200
392
86385
392
932
251
315
185
1372
1372
1426
1426
392
1537
9523
9523
1659
1659
932
1659
1659
1659
768
5873
86385
1670
1670
517
7200
11
8145
8145
2941
1670
8145
367
86385
28792
8
6
1192
616
616
616
616
738
616
9523
9523
1694
1694
1694
414
414
1755
1042
449
414
1755
2475
1707
256
1707
5530
193
1271
1707
673
673
371
5530
5530
363
5530
5530
5530
28781
5530
20
423
88
5934
5934
5934
52
52
2640
2640
2640
2577
2577
298
298
423
289
423
392
392
392
0
0
359
359
716
716
716
716
2947
2947
2947
2947
2947
2947
2947
716
716
364
364
719
4991
423
631
632
133
138
17613
17613
17613
17613
17613
169
169
16745
16745
169
169
16745
283
34379
34379
111
66
28790
169
17
3
4
2
2
1
19
35
5
30
28
28
48
48
6
5
35
43
17
18
36
29
8
30
27
6
7
5
28789
29
28
28
28
28
29
28
45
81
63
26
27
27
172
24
74
64
43
44
26
29
29
26
26
26
26
26
26
26
26
26
28
74
72
26
26
26
26
26
26
26
26
28
46
43
26
26
26
26
26
26
26
45
45
26
26
26
26
26
26
26
26
26
25
25
25
26
27
26
26
29
41
39
26
26
26
26
26
28
28
26
26
26
26
27
27
27
27
27
26
45
45
26
26
26
26
26
25
25
25
25
26
26
26
26
26
26
26
26
26
26
26
26
26
26
26
26
26
46
46
26
26
26
26
26
27
32
51
46
26
26
26
26
26
26
26
26
26
26
26
26
26
26
28
29
26
26
26
27
27
27
27
26
27
30
29
27
26
26
25
25
26
26
26
26
26
26
26
26
26
26
27
46
44
26
26
26
26
26
26
26
26
26
26
26
26
26
26
26
25
26
26
26
26
26
26
26
26
26
26
26
26
26
26
26
26
26
26
26
26
26
26
26
26
26
26
26
26
26
26
26
27
26
26
26
26
26
26
26
26
26
26
26
26
26
31
31
26
26
26
26
26
26
26
26
26
26
26
26
26
26
30
30
25
26
26
26
26
26
26
26
26
28
28
26
26
26
26
27
27
26
26
26
26
71562
27
27
26
26
26
26
26
26
27
27
27
27
27
27
26
26
37
40
29
26
27
27
28798
26
25
26
26
37
40
37
35
26
26
26
26
27
26
26
27
27
27
27
26
26
26
26
27
1200
47
31
31
28800
28793
1960
14103
7516
1960
235
235
7516
235
199
7
7
671
7
671
7
10
45
7
1
11
1
8469
8469
8469
36000
1
171
171
378
32146
106
1147
1147
1147
1147
1
70237
72000
5886
5886
5886
5886
5886
5886
5886
233
11
86400
86400
1800
1230
39
1147
551
6
6
10
10
10
10
10
10
10
10
10
10
10
10
10
10
10
10
10
10
10
10
10
10
10
10
10
10
10
10
10
10
10
10
10
10
10
10
10
10
10
10
10
10
10
10
10
10
10
10
10
10
10
10
10
10
10
10
10
10
10
10
10
10
10
10
10
10
10
10
10
10
10
10
10
10
10
10
10
10
10
10
10
10
10
10
10
10
10
10
10
10
10
10
10
10
10
10
10
10
10
10
10
10
10
10
10
10
10
10
10
10
10
10
10
10
10
10
10
10
10
10
10
10
10
10
10
10
10
10
10
10
10
10
10
1
1
1
1
1
1
7
7
7
7
7
7
7
7
7
11
11
11
11
6
6
6
6
4
7
7
7
7
7
7
7
7
7
7
11
11
11
11
11
11
11
11
11
11
11
11
11
11
13
13
13
13
13
13
13
13
14
14
14
14
14
14
14
14
14
14
14
16
16
16
16
16
16
16
16
16
16
16
17
17
17
17
17
20
19
19
19
21
21
21
21
21
13
13
13
13
13
13
13
13
13
13
13
13
13
13
13
14
14
14
19
19
19
19
19
19
19
19
19
19
22
22
22
22
22
23
23
23
23
23
23
23
23
23
25
25
25
25
11
11
11
11
1407
71637
68
124
124
32149
117
117
117
1407
121
131
131
131
12
254
126
514
514
157
133
514
416
13
2795
2795
10
10
2795
2
133
629
182
1
1
1
1
1
1
1
1
1
1
1
1
1
1
1
1
1
1
1
1
1
1
1
1
1
1
1
1
1
1
1
1
1
1
1
1
1
1
1
1
1
1
1
1
1
1
1
1
1
1
1
1
1
1
1
1
1
1
1
1
1
1
1
1
1
1
1
1
1
1
1
1
1
1
1
1
1
1
1
1
1
1
1
1
1
1
1
1
1
1
1
1
1
1
1
1
1
1
1
1
1
1
1
1
1
1
1
1
1
1
1
1
1
1
1
1
1
1
1
1
1
1
1
1
1
1
1
1
1
1
2
2
2
2
2
2
2
3
2
100
6
638
255
514
1292
1292
6
83
1
26
49
638
92
215
24
215
12
21
10
758
475
1
1
475
138
10
96
1
1
1
1
1
1
1
1
1
1
1
1
1
1
1
1
1
1
1
1
1
1
1
1
1
1
1
1
1
1
1
1
1
1
1
1
1
1
1
1
1
1
1
1
1
1
1
1
1
1
1
1
1
1
1
1
1
1
1
1
1
1
1
1
1
1
1
1
1
1
1
1
1
1
1
1
1
101
1
1
101
71
70237
758
402
38
402
32
70237
2
5
41934
376
240
5
22
32
32
688
1188
12
8
8
623
8
8
5319
1188
1188
240
171
171
171
171
171
5
15
15
15
382
7200
2
37685
2
2
5
5
5
5
5
5
5
5
5
5
5
5
5
5
5
5
5
5
5
5
5
5
5
5
5
5
5
5
5
5
5
5
5
5
5
5
5
5
5
5
21600
16
16
16
16
4901
672
0
661
661
81
5
5
941
941
941
941
941
941
941
941
941
941
941
941
941
941
48
48
5188
5188
100
5534
5534
5534
600
600
600
912
600
600
600
600
600
600
281
176
38
551
551
128
551
448
197
200
185
185
185
185
185
41878
0
11
5
10
10
11
5
975
975
975
975
975
594
0
0
0
0
0
14
14
234
5534
5534
5534
5534
5534
5534
5534
5534
5534
5534
5534
5534
5534
5534
5534
5534
5534
5534
5534
5534
96
10
10
11
15
42
56
36
9
10
10
11
23
18
18
13
234
19
1
20
19
28
29
1
25
33
6
1012
40
83
35
111
111
111
111
111
203
229
703
399
252
703
399
674
290
970
325
325
119
164
3808
600
6053
6053
6053
6053
6053
6053
6053
254
693
256
5
5
5
5
5
5
5
5
5
8
8
8
8
8
8
8
937
371
371
600
371
371
371
20
20
20
20
20
20
20
20
20
359
20
146
146
146
146
146
146
146
146
146
146
146
146
146
146
47
600
350
97
311
24
768
1378
600
264
1
292
0
43201
0
0
0
292
600
0
17
1585
975
17
1467
1467
959
959
959
1467
0
1195
353
959
0
1800
1800
1140
152
0
1032
1032
41878
119
25
25
25
25
25
25
25
25
25
25
25
25
25
267
119
119
687
14406
17248
124
124
124
64
100
100
100
267
86396
283
283
8849
1378
288
8849
1927
925
925
925
124
113
1928
81
81
81
4893
348
157
7200
3848
7
66536
66536
66536
30000
21000
21000
21000
21000
21000
1383
1891
1891
1891
1891
1891
1891
2305
3246
1860
889
307
889
683
1234
1234
1234
1234
1234
528
1234
1234
1234
1234
1234
890
884
53888
884
899
769
419
419
419
574
422
454
159
303
249
7
7
7
29
32
7
27
40
83
85
20
5
5
5
20
43
104
115
55
37
1456
33
32
35
36
36
129
130
130
130
382
180
57
57
34
4
26
44
39
20
351
391
48
13
14
14
14
12
11
7
4
7
7
6
6
4
4
37
568
538
6
101
223
127
4
86
270
219
109
78
35272
35272
68922
68922
7580
4871
3426
3426
86396
0
0
7395
5
146
32618
67151
146
69082
69110
8
69129
69143
69143
69181
69200
69213
69213
69243
69259
69276
67421
67457
69363
258
69391
69391
357
292
130
23
23
600
9710
226
226
3600
7
581
581
581
512
691
691
3267
3267
1352
440
86026
86026
60
1917
36000
43193
24
672
10140
52
53
7
69
86026
5901
672
672
72
51
60144
12
12
3600
7200
201
1800
847
1800
128
35
11
857
420
1919
9
80
420
7
13
10
66
191
190
137
112
1919
113
4809
220
4809
4809
8
182
4809
66
1
2
61
86387
1
10
10
10
10
10
10
86387
18
18
18
18
18
18
86387
22
22
22
22
22
22
16
16
16
16
16
16
18
18
18
18
18
18
34
38
42
42
42
112
112
123
249
43202
64
43202
35
2400
43202
64
160
2484
578
578
578
578
578
2400
1653
2400
578
1653
1
1653
1
1
566
573
592
592
592
592
592
592
97
97
333
2614
2614
21234
863
21234
45
107
0
1200
6
1200
441
876
29
73
141
73
480
6
112
112
3
184
5
59
86
285
323
161
824
367
297
755
102
3708
84
85
85
85
75
73
73
4905
3566
3600
3600
3600
3600
3600
9710
5023
178
178
178
178
178
4925
1709
1963
49140
2294
822
822
822
822
822
1221
3395
1221
3456
3456
3456
1250
20323
1029
52
49140
49
43
38
941
60
1090
1090
1090
1090
1090
896
60
46
8
48
54
9
53
14
12
5
6
29785
6
7
197
255
199
241
78922
241
205
247
350
495
32108
21000
32108
275
904
1020
840
450
1735
623
535
34364
20
1507
14400
55
35
0
26
26
26
26
26
0
26
26
3600
48
444
444
444
463
463
68634
66236
3600
91
91
96
53981
96
63
66561
7899
7899
7899
7899
360
1233
1233
1233
165
5
5
9
7
3
993
993
993
993
993
993
60
1
993
993
993
1157
60
1
208
3
43198
270
249
503
503
19
368
368
368
86382
852
852
853
86382
39
86382
37
40
1
0
0
40
5
40
40
8
29
28
900
1190
1190
143
511
351
271
600
782
900
231
1800
221
600
231
221
1989
3
221
43198
536
284
536
3600
2700
284
627
0
0
4085
393
327
309
219
1263
239
239
48
3
265
2
120
0
4
1006
23
18
4555
0
10651
46160
278
120
1800
1800
1800
10020
0
0
0
120
0
21011
0
0
54
0
118
7200
7200
7200
7200
7200
7200
7200
7200
7200
7200
7200
7200
7200
7200
7200
137
120
293
116
285
61
267
10377
43198
337
43198
2522
1684
167
341
43198
10377
43198
10377
10377
10377
10377
0
0
8579
0
10020
0
15
8579
8579
8579
0
8579
0
0
0
0
0
0
173
8579
66
4306
6
6
6
6
6
184
184
1162
60
224
14
1162
326
645
1162
18000
3210
18000
3214
171
1162
370
13184
11427
86012
86012
9102
31345
3
3
1162
1162
1162
1162
1162
1162
120
2700
2700
265
265
4
4
9
21836
33430
33430
33430
33430
33430
33430
33430
33430
0
0
0
0
0
4
4
4
4
9
9
9
9
9
9
9
9
9
9
9
5943
5485
173
173
7200
7200
7200
7200
8803
90
3160
5637
4596
18769
4967
3648
3600
6
0
42
87
162
117
0
187
6120
9661
5758
2228
207
2228
2228
89
89
89
89
89
0
0
0
0
4
4
425
350
16361
7200
3600
3600
3600
187
1020
17301
40
63
63
63
63
9
9
436
1
1
22
387
387
2552
3059
3607
3943
589
276
291
387
387
194
194
194
194
194
0
0
0
0
0
0
0
0
0
0
0
0
0
0
0
10
31
13011
3600
3600
86392
43193
43193
43193
43193
43193
13385
0
0
0
0
0
498
498
498
300
180
1189
610
610
610
610
610
36
31046
29785
13385
359
72
688
688
688
736
736
736
496
1011
1005
489
489
489
489
489
86394
86394
86394
86394
86394
86394
86394
30096
86394
86394
86394
86394
86394
86394
86394
86394
1800
86394
1014
86394
1014
86394
449
1014
1014
86394
1014
1014
86394
1014
1014
1014
86394
1014
52608
1014
1014
1014
7200
1014
1014
1014
86394
21600
0
21600
0
315
1821
1821
1821
1821
1821
62
62
279
279
279
279
279
114
37
2571
2571
55
55
48
48
48
77
48
86012
77
77
77
540
457
18386
457
457
457
457
457
3457
540
18386
1800
1800
186
153
7200
435
7200
1
86389
74
315
74
1
295
2886
2803
5168
495
2803
134
2803
14
496
7620
3
3
594
118
999
998
0
594
1800
1800
3597
2400
790
2154
13
790
13
315
7099
43502
4486
4486
4486
4486
4486
4486
4486
4486
4486
4486
4963
4486
9334
9334
3911
3920
315
524
9904
9865
516
12966
12622
0
494
494
494
494
494
9865
1800
0
2
2
0
0
0
0
0
0
316
52
458
406
406
406
406
406
406
57
34261
100
75
54
406
406
406
406
406
406
520
150
387
8471
313
313
313
313
313
313
1383
243
243
243
243
243
243
7200
13981
13981
4602
119
551
72320
66793
3600
72320
4602
4602
4602
92
86394
72320
66243
66243
43207
43198
72320
4602
3353
791
36783
36783
36783
36783
36783
596
36783
8
9394
0
530
6
3722
0
2958
274
4
4
4
4
405
0
343
0
4789
539
385
1
9394
7200
226
3
1800
304
6362
449
178
192
41
3253
3253
280
41
41
7
7
138
7
44
6
181
2404
25
25
25
25
168
28
28
28
28
28
28
5
0
5
5
5
5
324
6
10
10
1844
10
10
10
3
10
10
10
10
347
10
10
1844
10
10
10
10
1
193
50
390
442
181
4388
685
463
2
612
612
612
612
612
612
612
612
612
612
612
600
1
0
450
518
181
880
880
1
348
2412
2279
29
675
29
2583
1800
2570
1800
2570
9
300
900
10800
18713
3600
3
3
3
900
175
18713
570
175
321
6
70
570
166
40
420
341
62
480
62
420
849
849
849
628
628
628
628
346
7625
7385
107
67
1800
1020
116
999
999
999
1071
67
234
371
433
91
178
6077
468
233
2
186
9
9
9
9
186
41
41
349
25
25
828
828
828
24
24
309
22
22
24
22
344
349
3558
464
521
145
60
1602
1602
1602
2593
1602
1602
28
9
28
5
3989
1602
7
158
158
158
86
34785
949
949
949
82
222
82
82
156
82
19
120
291
29
9
82
117
94
81
120
1625
139
5
1625
21
247
97
129
46
1776
1776
37
37
1782
1782
1782
1782
1782
46
719
70
719
42
9662
710
9836
633
9836
424
866
18
16
6371
900
6371
6371
1336
1336
4787
1336
1063
903
16
6605
1577
8
4775
25917
903
25917
9
846
4001
2700
600
18
3
238
16978
4
4
347
199
2364
347
118
203
126
34785
411
4488
5252
5252
5252
5252
5252
5252
5252
5252
411
209
411
122
411
569
86400
5064
5064
86400
52
44
27
3
1800
3
21
9
4012
12
9
637
125
20
21
231
209
9354
81
211
1812
436
500
229
50
37
677
1381
19699
15285
15285
15285
4
4
21107
4
4
1
1
1431
34665
65721
65721
6892
6892
6892
6892
6892
14237
21032
18053
6892
6892
6892
6892
6892
6892
6892
6892
6892
6892
86027
3600
3683
470
6737
6563
452
86386
86386
86386
86386
86386
86386
86386
86386
86386
86386
76421
45
86386
2457
86386
86386
86386
86386
86386
86386
86386
86386
86386
86386
0
208
51
86390
68
36036
4076
3585
310
435
2421
1131
3879
86264
86375
86375
86375
86375
86375
86375
86375
467
86375
8329
86375
4156
43277
7200
7200
3668
3668
4076
51
51
1631
3588
489
23414
23414
23414
23414
23414
23414
23414
23414
18000
23414
23414
23414
23414
23414
23414
23414
23414
23414
23414
23414
2040
18000
1183
3600
2421
2
1183
6
954
741
2052
741
741
741
741
741
1146
1146
1146
1146
1146
1146
1146
1146
1146
1146
1146
1146
1146
1146
1146
1146
1146
1146
1146
1146
1146
1146
1146
1146
1146
1146
1146
1146
1146
1146
26
26
26
26
26
26
26
26
10
10
10
10
10
15
15
15
15
17
19
20
20
20
20
20
20
20
20
20
20
20
20
20
20
20
20
20
20
20
20
20
20
20
16
12
12
12
14
14
14
17
17
17
17
21
21
21
21
21
21
21
21
21
21
21
21
21
21
21
21
21
21
21
21
21
21
21
21
13
14
14
14
16
17
17
18
19
19
19
19
19
19
19
19
19
19
19
19
19
19
19
19
19
19
19
19
19
19
19
19
12
13
13
13
13
13
13
13
13
13
13
13
13
13
13
13
13
13
13
13
13
13
13
13
13
13
13
13
13
10
10
10
10
8
11
11
12
14
15
16
16
17
17
19
19
19
19
19
19
19
19
2040
19
19
19
19
19
19
19
19
19
19
19
19
19
18000
540
1573
1573
1573
540
260
260
435
36
36
14
29
29
435
65721
1979
1979
1979
1979
1979
1979
1979
1979
1979
1979
1979
1979
1979
1979
1979
1979
1979
1979
1979
1979
1979
1979
1979
1979
1979
1979
1979
1979
1979
1979
1979
1979
1979
1979
1979
1979
1979
1979
1064
1064
8
10
12
12
12
12
14
14
14
14
14
14
14
14
14
14
14
14
14
14
14
14
14
14
14
14
14
14
14
14
14
14
14
14
14
14
14
14
14
14
14
14
14
14
14
14
14
14
14
14
14
14
11
11
9
10
11
12
13
13
13
15
15
15
15
15
15
15
15
15
15
15
15
15
15
15
15
15
15
43713
3588
43713
86399
2102
5966
100
25
617
1375
1375
1375
1375
1375
1375
285
141
141
141
141
141
141
141
141
141
19969
9982
9982
17
4091
32399
2206
3405
4091
2763
2763
2763
2763
238
238
238
238
475
238
240
10020
359
645
358
17379
215
227
351
6
6
277
6
17379
3600
3600
3600
3600
3600
3600
3600
3600
3600
3600
3600
3600
3600
3600
3600
3600
3600
3600
3600
3
428
428
393
424
461
461
4
423
423
423
423
423
423
418
418
418
442
442
442
442
442
442
442
442
442
481
481
481
481
495
495
495
495
495
495
499
499
499
499
348
348
218
900
10
10
900
491
491
3595
3595
3595
491
1840
492
900
6920
1103
900
918
31
234
9111
50899
9822
187
187
187
43212
37
37
37
37
299
505
80
219
2
2
432
2
2
43212
2
1
178
290
290
34765
303
1
51
80
2
59
2
2
2
2
2
2
80
2
47
378
262
265
297
6947
265
1
133
1
0
706
39
918
507
344
292
141
106
191
154
122
120
104
85
107
6959
1132
116
1252
1252
1252
1252
786
786
786
786
786
786
47214
844
844
7057
1040
18816
6914
705
70
6931
56603
56603
531
466
93
516
428
0
6936
66390
4217
68971
2040
68971
5
64
900
900
30644
1662
3
1369
1369
72913
2
2
44
44
86027
621
621
0
0
0
0
0
2
0
0
2
479
0
11758
78044
314
8834
23599
78044
0
78044
11758
78044
78044
0
3578
3578
3578
314
314
314
314
314
314
314
314
314
314
86384
6617
3426
86029
86029
6617
86029
3929
3929
5
342
342
94
456
60
39444
39444
312
312
86398
86398
86398
86398
86398
86398
86398
86398
86398
86398
86398
86398
86398
86398
86398
86398
86398
86398
86398
86398
86398
86398
4088
42266
312
297
297
297
297
297
297
297
297
2889
86398
342
342
86398
5024
5024
5024
2082
259
30644
344
6381
6381
537
4
4
30632
4
458
451
451
451
570
570
570
86382
86382
8255
86382
86382
8255
364
898
43221
893
893
893
43221
521
521
1250
521
924
924
924
377
8255
3516
967
79
967
581
1822
1789
7026
240
1308
393
2040
3600
2040
5503
7200
9688
2699
796
3
3
1503
3
846
611
611
503
414
274
176
540
540
1625
1805
1805
1805
1805
1805
1805
28
28
28
28
378
35
35
245
245
245
245
6818
32399
42646
5299
4740
5299
4740
2117
32098
14964
36936
234
141
173
60762
17579
72306
24
1931
977
17579
120
33361
33361
33361
19058
120
65020
3929
1131
41409
19058
18000
18000
18000
14964
0
0
0
0
9433
5
360
360
83
81
43
32
80
0
82
25
45
58
34
5
11
25
164
174
35
17
24
7
6
2830
44084
44084
44084
44084
44084
44084
4
4
4
9261
8202
8202
8202
8202
8202
7956
7956
4
50
47
47
47
47
47
47
24
24
24
24
24
24
8735
555
514
514
18118
3933
32149
1406
555
32149
86400
86400
9
555
36953
9
555
9
2040
7462
1615
1615
2662
2662
2662
1646
82814
895
34874
897
7
158
143
112
90
77
66
173
63
119
188
319
186
39
39
216
257
5390
358
4428
3385
7996
5226
5226
5226
1159
11950
2662
747
685
56650
14478
37966
20
42
260
605
605
27
5
9
240
14478
8
473
8
405
14286
320
325
345
1097
356
373
15436
15436
168
157
157
2
2
2
2
4
5
4
4
5
9
28
28
28
33
33
33
2468
240
240
240
240
240
240
240
83
83
83
118
118
118
426
87
138
120
138
138
48
48
48
34
21
21
79
48
3600
60
63
33
3095
21
6626
6626
30
30
30
34
33
297
290
60
37
117
117
117
117
117
117
117
117
117
62991
46
44
60
445
445
445
445
445
445
445
445
445
85271
59
7630
83
7630
7630
7630
83
83
270
270
278
124
125
483
360
262
262
43194
62915
62913
17368
67243
67243
67243
64747
61928
61928
70547
70547
70547
70547
5890
289
289
357
43196
43279
129
5890
100
246
182
4189
12345
6189
86400
38278
6776
6189
4740
0
0
0
0
0
0
0
86400
86400
86400
74
9828
768
768
768
768
73
9828
714
714
714
67
85270
728
728
728
728
59
17405
39065
62675
724
724
724
64965
66
67163
13654
734
734
734
734
71
436
436
436
70547
70547
41300
340
340
1
1
1
1
1
1
36037
809
809
809
64
34320
5953
2040
1020
730
730
730
730
2040
370
751
69158
69158
69158
540
119
496
92
314
335
1272
634
634
34956
496
496
496
68
672
672
709
5278
1251
5278
3600
1251
51
1260
1260
953
953
1280
51
51
51
51
76580
1280
60
41300
732
732
732
76580
38515
3600
443
443
172
296
540
573
838
76
76
76
74
323
67163
64975
763
763
763
763
62766
64934
66
2125
2125
2125
2125
289
289
234
85266
745
736
736
736
76
76
76
75
336
760
760
760
760
229
76
76
68
34274
764
764
764
764
82
2351
1625
1625
1625
86029
86029
71975
86029
86029
68460
10020
85
85
85
86386
85
85
86391
85
85
85
85
162
336
92
92
92
92
43204
542
542
68460
86400
86400
86400
86400
86400
86400
43201
43201
43201
822
43201
43201
43201
43201
43201
43201
43201
13234
43201
43201
43201
43201
63000
43201
439
5972
5972
5972
5972
439
439
439
43204
439
439
439
43204
439
56
157
43204
157
14
190
190
190
190
43204
495
43204
69602
43204
1851
1851
571
1851
588
3667
3667
3667
1851
1851
1851
1851
1851
1851
2490
201
2202
2202
2202
70399
16586
407
407
70399
407
236
588
588
81
81
81
81
2431
86
170
43716
1851
55
236
169
16851
3
6
162
14
6098
15
35841
1851
12
665
46
108
303
10800
108
54
668
51
1046
163
56
16293
10800
16293
772
222
61
6284
42991
2113
78
72
73
1800
43307
72
1800
1137
667
1137
2733
2733
2733
108
6980
305
697
198
860
860
860
171
16
702
72
102
2961
2961
86400
140
147
70
294
225
86391
62
219
64
215
67
357
86400
324
196
84
89
45
24
606
2948
2948
910
88
9580
72
72
24073
71
71
1665
105
6980
89
71
1020
70
11395
13102
3248
3248
3248
3248
11395
11395
11395
95
240
120
1262
71
2936
447
38
7476
2936
60
70
19
622
2195
95
1791
2059
101
101
101
101
101
101
101
101
101
424
120
15
213
120
84
98
98
98
98
98
98
98
98
98
235
235
235
235
235
235
235
235
235
27434
5136
2877
2877
2877
89
89
89
91
70934
1315
889
307
581
564
72
222
29686
2564
2564
2564
120
2234
108
108
108
108
96
2392
375
16689
16689
16390
790
790
790
76
242
76
76
146
446
446
726
740
192
108
769
769
769
194
849
849
24
120
15
60
120
63000
120
46
120
120
3540
60
24
120
1
935
935
935
935
65
3540
3540
3540
3540
10800
21600
68922
390
120
120
77
77
78263
204
204
204
204
3600
3600
3600
3600
3600
3600
3600
3600
85
40794
268
268
268
9
21
21
12
2040
751
751
2040
66
0
0
0
0
5
5
5
8
8
8
8
8
8
16
16
16
13
13
13
13
13
570
42
42
1
42
968
968
968
0
0
0
98
43307
5
40
620
47
33
620
530
16
620
600
216
242
198
16
198
21
390
21
157
226
226
266
254
16
10800
205
447
447
451
218
0
221
309
309
60
309
1060
7
47
47
5400
5400
361
313
398
43204
4306
1809
86398
86398
86398
86398
43199
43199
43199
16931
1799
11670
762
12
379
43481
6
272
331
8772
451
451
451
451
43481
119
43210
272
60
46098
219
117
3018
2468
60
239
2468
13
30
518
140
43204
1746
123
476
1800
43204
43204
1800
43204
852
221
3600
3539
1246
1800
2690
8
2805
2823
408
242
1246
420
408
441
420
890
600
600
600
600
600
600
7
7
7
7
7
7
9
9
9
9
9
8
8
9
9
9
9
9
7
9
9
9
9
9
9
7
7
7
3540
3540
3540
8
3540
8
8
8
8
8
15
15
18
18
18
18
26
26
26
65
65
65
1783
637
3585
3585
2690
3585
25
989
623
1709
600
600
11
1026
1026
1026
1026
1026
1026
369
302
132
820
1779
3525
43204
3285
2680
43204
43299
86400
591
591
591
591
591
13
13
13
13
8
8
8
8
8
8
19
19
19
19
19
19
6033
29
29
29
67
67
73
68922
600
4816
4816
394
394
394
394
406
406
158
158
158
10020
1314
642
40903
3
4816
4816
4816
9
1314
7
18000
2
2
18000
658
2
660
1377
660
660
437
437
214
1
1598
2133
1
1310
1
1310
2
2
2270
2270
2270
2270
2270
2
907
40903
40903
32
40903
12911
40903
1315
613
5519
32
5519
5519
5519
32
13793
5519
32
17068
17068
85267
239
18719
17068
13793
13793
13793
67351
67351
3699
1779
13793
3699
38175
67352
38175
67352
58759
67355
58759
67366
67366
67366
58759
67366
75997
327
67366
106
106
69
421
39
2322
384
384
384
384
384
631
631
128
1436
1436
1149
1206
233
233
233
233
233
233
32481
41
42645
17068
971
971
5519
971
971
971
41
3600
1324
1324
1324
1324
3540
3540
1793
1793
3600
1793
1793
1291
327
872
1011
75997
75997
551
551
551
551
551
2488
308
2488
329
143
3600
3600
26426
563
91
80343
186
26426
124
26794
120
384
24
213
19
257
341
329
329
329
15
329
329
329
329
341
15
33
33
33
33
341
341
33
33
33
33
33
33
859
853
853
853
853
853
853
853
7268
7268
128
128
128
3653
89
89
89
112
1259
873
4166
4166
6057
6057
6164
1097
1097
1197
1197
1197
1197
1197
1197
1723
4697
4697
4697
4697
136
136
136
98
1229
3258
3258
3258
91
2463
2463
2463
2463
900
1800
900
900
900
94
171
153
28
40
86022
9
33859
86022
6
60
43018
3361
3361
4
60
3361
3
45765
23437
23437
23437
23437
21
21
21
21
21
21
25
25
25
25
25
29
25
25
25
25
25
25
33
850
28
21
4
4
19676
4
19676
19676
7
13
24967
18
373
86400
396
17
17
21
10800
326
2699
2699
2699
86400
86400
3384
3384
91
91
91
18000
18021
65
34
3
18
10
94
18
46
65
1306
91
1306
1306
285
18458
1289
18021
180
86
522
10
522
10
38
43
75
75
75
14
75
43449
18021
8779
1
18458
237
29691
120
2
3
4
5
7
2
8
14
23
60
828
2520
17
61291
129
38
9
133
3540
3540
3540
43
43
1800
43
1800
1800
43
61
2520
1795
1795
586
24
24
24
20
60
50
127
1800
1800
228
165
17
72000
72000
72000
72000
1955
14
37802
1800
60
702
60
668
2015
47
1655
45
22
6482
3592
4
10
268
7
2
1
7025
1
1
1
1
5969
35
35
35
2015
25
26
37802
3
2
26
45
21
1
42645
929
50419
50419
1024
333
333
23
23
929
40822
40822
40822
86400
40822
929
86400
410
11
10
1
11380
9
5
2
2
1
20
25
2728
2728
2728
2728
11
9
24
24
68935
40739
40739
24
40739
40739
64548
1894
40739
40739
68935
1200
2679
618
1200
686
1200
43200
11380
1200
34
59
37070
63
2679
49
610
686
12
686
3
36169
1015
21
1
3600
63
610
21
147
63
63
63
63
2
1
610
1
27761
13929
39717
23
610
596
596
222
1603
222
2387
1066
40822
1238
605
1
5
47
11576
56
16
5736
7435
7
5
15
27
23
23
23
171
3536
3536
17
3464
3465
536
3465
1066
1066
752
340
19376
19376
1066
1066
8595
8595
8595
8595
474
6
5
208
19376
8595
13750
5510
5510
5510
7435
6379
104
4517
4517
4517
4517
6367
53203
1981
75
3315
3315
3315
3315
3315
3315
3315
3315
3315
3315
3315
3315
3315
3315
3315
3315
3315
3315
3315
3315
3315
3315
3315
3315
3315
3315
3315
3315
3315
3315
573
773
773
773
773
54007
54007
1407
6105
42955
1393
1393
1393
63
68460
68460
86023
43008
43008
11380
7037
9309
9309
86040
86400
86400
1
86393
86393
4
9309
21833
86393
1
86393
86393
21833
13929
86393
86393
86393
86393
2085
86393
86393
86393
86393
86393
86393
86393
86393
2085
86393
74266
74266
68691
31595
1777
31595
2152
4555
1635
5604
22000
4555
6091
3718
1469
50180
21300
1
2
4
240
64481
180
192
43360
27545
1900
3
82869
3
68976
4722
64481
4722
4722
4722
1096
1900
6
247
9
35
124
52
851
35
124
851
16
43200
14400
14400
14400
14400
14400
14400
14400
14400
14400
14400
14400
14400
14400
14400
43200
14400
14400
14400
7
7
64481
54
20
21300
797
329
20
999
10
346
15
521
380
42
61
0
0
93
93
39
2789
104
43015
4154
42
33
575
187
187
187
187
187
187
187
187
2
187
3
187
169
169
13929
169
4
6
7452
8
9
13929
6563
11
0
68976
15
20
8738
0
7200
7452
36
2220
337
52
52
7452
9504
7200
280
6955
3
64481
1
1
1
23811
618
302
10082
10082
10082
0
529
0
0
0
0
1362
302
1800
0
1800
2463
2463
600
2362
2362
240
181
236
1
497
497
236
144
4670
3600
526
133
16767
191
191
191
119
42203
97
61
17
18
497
18
6142
7216
1057
1057
900
86400
763
7192
9270
72
9270
4510
84
2
113
2
2
86400
1511
137
34
2
3
866
242
239
285
239
2804
2804
2804
2804
82831
220
220
21
178
81
14
14
17
2201
6146
38
38
1800
945
344
14
301
18
18
301
301
298
2469
418
84
86
86
76
76
76
76
74
74
74
74
62
758
758
381
6547
6547
600
6547
6547
6145
745
600
745
5508
5508
5508
5508
27
20
5508
238
27
91
2557
2557
2557
52231
81
60
673
100
548
548
548
776
6119
770
7187
8467
8467
8467
3827
3827
2548
2548
2548
2548
3540
480
480
480
7020
151
153
5
4
3
7
22
66715
70456
70456
6146
51721
31733
31733
85
6153
2626
2626
2626
100
47325
6122
2686
2686
2686
2686
49437
6182
10022
10022
10022
10022
10022
10022
67253
6223
42992
11382
6239
11382
9900
7620
3598
52
38
39
47
26
3598
906
28
127
10022
10022
10022
305
9827
9827
9827
9827
103
325
6268
19365
10323
853
2310
2310
2310
2310
2310
2310
2310
2310
2310
2310
2310
2310
2310
2310
2310
2310
2310
2310
2310
2310
2310
2310
2310
2310
2310
2310
2310
2310
2310
2310
1120
1155
262
6
807
807
807
2727
101
40818
42881
42881
42881
63
31
2419
2419
2419
2419
22
20
2
3
6
14
39
120
120
64
21
81
5123
2347
2347
2347
71717
98
42239
42239
40749
42236
42236
42236
42236
42236
43185
43185
43185
2383
2383
2383
2383
7200
7200
4
4
4
4
4
4
128
128
128
128
128
122
41
45
41
51
74
104
121
148
231
2429
2429
2429
37795
268
37795
121
37795
37795
3
76
97
37795
232
18421
10323
99
70
2408
2408
2408
2408
28
86400
86400
86400
72000
86400
44938
86400
86400
86400
86400
820
7200
7200
7200
7200
7200
7200
7200
10076
10076
5573
5573
43703
47020
47020
47020
47020
9914
47020
143
32373
32373
32373
32373
32373
143
44004
68758
36692
610
610
2520
2520
180
84
3
3
4
640
4
5
557
123
557
122
335
5
4
118
118
118
118
118
118
118
118
118
120
299
86400
239
86400
187
7186
7186
7186
7186
7186
7186
7186
86400
744
7186
86400
45591
38488
4020
38488
38488
4576
4576
4576
38488
38488
38488
398
229
68
18296
374
4020
46812
6234
1656
132
610
513
360
167
6
2915
2915
2915
68878
68878
68878
15
80998
68878
137
34740
34740
138
67
159
40430
681
681
318
18292
745
745
745
40556
9910
15810
1544
731
9044
983
1548
825
762
38157
116
825
825
825
15
16
16
98
98
152
540
168
72
72
175
66
7200
235
73
175
43
3
3
2
524
238
524
524
524
524
524
524
524
524
297
2448
2448
2448
191
533
533
326
7200
192
105
100
1256
97
88
46
37052
35
129
82512
181
149
7200
7200
122
1139
82512
82512
747
118
296
124
357
85
82512
82512
21588
82512
82512
2448
82512
82512
82512
0
46167
387
83
83
83
83
83
83
83
567
46167
668
9491
389
9491
332
602
15964
263
258
15964
7386
3692
259
46320
46320
259
420
0
0
266
10536
10536
10536
236
3692
223
702
40654
259
16206
186
71
69
121
121
1926
131
117
94
87
81
24494
2905
40640
81
81
41
63669
43
76
94
69
35950
69
66
75
75
62
39
41
69
83
83
80
83
96
83
83
83
83
83
83
113
119
111
113
153
2414
2414
2414
2148
0
91
2455
24603
9390
7200
2041
2041
1860
900
2041
9940
9940
9940
0
8401
43381
45425
45425
45425
8401
101
2361
9903
9903
9903
95
2323
2323
2323
101
9390
7200
0
86400
86400
86400
58484
58484
7200
22376
2225
12600
12600
22376
2873
1870
380
176
27973
7200
7200
43430
179
916
22105
3600
984
144
31078
3600
185
123
480
285
5079
52109
7200
123
27
307
26
393
22297
26
31748
45
165
2926
60
406
104
1104
1616
1104
236
96
37
6
178
1
236
1616
509
2710
77079
2178
13
60
17
6510
6510
44813
8
44813
44813
10
60
842
1200
1433
1800
86400
1800
1800
1890
103
2178
1356
15644
14
17
12
5
6
5084
6
9
9
1260
6
891
86400
1045
86384
88
6138
6138
6138
6138
6138
61323
3518
3518
3004
454
4
3
2199
3
61323
61323
3
237
648
870
1465
24
290
86400
13
86400
170
1102
604
498
494
62980
341
341
297
297
0
600
723
86400
86400
86400
671
86400
24
86400
86400
86400
86400
86400
86400
86400
86400
86400
86400
86400
86400
86400
86400
86400
86400
86400
86400
86400
86400
86400
86400
86400
86400
86400
86400
86400
86400
86400
86400
86400
0
0
671
900
1889
7334
600
62980
7334
7334
125
2108
2108
402
76
687
76
768
248
608
36000
36000
851
700
322
14400
14400
3
3
322
440
394
6
9
8
11
19
20
11
10
57
354
380
76
257
281
44
73
56
36
2
0
0
2
0
1
70
0
4
8
70
74
385
385
281
281
315
