file


Curie




Feb
Oct

minus

is

nodes
fields.

thin


in

is




test
parallel
batch
large
TestIB
inter
test,batch
hybrid
xlarge
standard
Unitaire
Burned
-1
curie3550
curie6066
UNKNOWN
BCS
z+i5U=:
`;
UNKNOWN
0
16029-16045
UNKNOWN
curie3570
x86_64
curie2125
p^
15185-15201
pa0907@standard
pack_ipsl
curie1611
UNKNOWN
crypto/munge

IS
used
(272392
(job>=274118
(job>=372153
(job>=542320
(job>=518258

7
2
14
94
67
134
54
481
276
0
676
565
0
692
1429
62
35
54
184
103
1982
1465
763
635
685
1
1
5
2
616
0
637
696
7
586
13
32
241
260
16
5070
31
96
4330
671
52
21183
9
5
65
13
1
68
4
1814
0
0
62
82
7979
7432
213
34
356
36
123
0
2
120
113
218
16
96
189
0
3
482
11
10
24
95
34
204
39
1819
205
1880
1875
304
688
1013
318
765
676
335
1867
1863
1608
10
2003
319
681
378
438
194
117
8
8
79
114
178
108
760
468
1169
694
36
1843
11
11
11
714
623
781
1088
719
369
2287
1802
194
0
0
0
0
0
0
1398
0
78
25
0
0
9
110
11
0
4360
4609
3
2
2
41
2
2
344
68706
0
148
25082
16
0
0
0
0
0
14
5960
16240
9357
4
0
167
167
167
164
155
153
12
7
5991
436
121
475
21579
92
21578
21578
373
376
17846
15
340
0
32
334
54
901
1230
1937
72898
415
1041
655
384
98
866
82
183
180
174
175
175
174
116
10
266
135
11
44008
97
164
7051
84732
61
86394
86393
86402
86402
300
253
793
764
8160
1482
161
97
88
79
76870
47
112
25439
293
76359
615
175
376
889
22663
13
40
1790
1995
1999
6347
0
157
167
182
161
183
156
5
14
13
1
6
23
0
1
0
398
6
2
2
9
0
3584
1790
0
0
0
0
59
0
0
0
0
0
981
0
5958
31
1796
14
7
3
884
6
8
192
15
4
3
4
172
173
175
173
172
177
172
172
172
172
172
174
171
171
171
174
171
171
172
171
171
170
169
170
170
170
170
170
170
169
169
169
169
169
169
171
168
168
168
168
167
167
167
167
167
167
167
167
166
166
166
166
166
11
21582
1322
22
163
23
237
16
985
161
0
7752
152
1303
354
6
1302
1302
1269
1269
1271
1268
1269
1268
1268
1269
1269
1269
1269
1269
1268
1268
1268
1267
1267
1267
1267
1267
1267
1267
1265
1266
1266
1266
1265
1265
1267
1266
1267
1267
1267
1266
1266
1266
1266
1266
1267
1266
1267
1266
1266
1267
1266
1266
1266
1267
1266
1267
1266
1
1066
19651
799
1122
11
471
48292
306
1483
0
12
13
8
9040
16015
9021
1413
11
0
1183
1052
546
1027
4
21
0
1084
426
543
417
354
389
404
0
8
959
216
17
9
772
7188
391
10
9
0
13
9
8
78
0
10
19
343
53288
18081
0
4414
68672
0
0
0
694
615
26483
13
621
10
19
39
84572
1640
0
975
6958
3666
743
1022
560
12
188
404
554
338
1024
7
523
516
10998
6945
3554
1658
554
766
811
511
187
404
0
0
0
285
273
280
0
10994
150
8
420
608
10995
7142
1244
15
878
0
1489
7
740
437
68
461
415
293
0
0
0
0
311
3787
298
265
266
256
233
336
339
335
231
272
298
332
272
295
0
7522
22473
14140
10887
0
1779
0
1795
1
112
6864
3400
2055
2661
6907
3377
2764
278
7
3
7
878
191
86373
7
1670
7
6
7
7
7
6
86393
86374
7
7
30
29
30
30
27
323
36
700
628
627
622
153
640
1674
0
0
0
2804
3433
7704
80040
19872
86385
86397
23070
26
8994
8227
21572
248
654
238
248
172
21572
21572
21572
573
21600
1252
9734
14580
15420
14153
9
17
1124
237
3
47
81
81992
0
38
56
0
30
834
28
15
6
11
86597
1118
16
4
3
39
39
2
0
1284
37
1024
2
13
216
18
8
8
43
198
199
257
17
204
338
51
173
146
86
55
17
17
10
17
10
9
232
163
217
161
226
276
251
227
220
212
3922
99
131
165
49570
12
1995
0
34
1
4
0
4215
0
11
97
0
0
5
1
0
1
0
0
0
0
0
0
1
8
8
7
1
1
1
1
1
0
15
15
13
0
0
0
0
0
0
0
0
0
3
225
0
0
0
122
1001
5
24
95
1640
37
0
5
0
12
5
7
184
3
5
571
314
280
91
574
0
1
6
7
7
6
8
8
12
0
0
1
1
1
15
0
0
0
0
0
0
0
0
0
11
124
16431
6
894
621
682
230
241
6
2
0
6
7
97
5
5
6
45415
47446
56641
0
7
6
7
8
8
9
10
10
12
14
14
15
0
37
24
26
109
111
59
0
0
0
6014
9
9
843
218
212
0
7391
0
14
6
6
6
7
7
7
9
9
9
2
10
11
10
56
13
12
0
28
22
24
0
23
0
20526
4
2
0
34
10220
928
7325
2492
0
57
60
39
497
38
75
8023
129
106
2486
163
373
285
290
318
268
299
17
193
17
223
83
75
257
1085
517
9777
662
248
6572
710
17282
17424
30
12
366
326
1415
280
82
78
79
582
63
1626
78
323
805
0
680
592
280
89
86399
199
0
0
0
0
0
0
168
27253
26
0
627
636
633
634
637
632
848
1452
1032
0
86404
622
0
20313
20368
34544
2785
616
53
53
54
17
347
17
34
61
202
29
569
0
38
11
36
86031
193
272
166
167
197
194
169
383
38
6219
51
1216
37
2
0
289
344
319
20
86388
39
1005
0
2686
1069
899
763
0
931
1029
0
0
0
651
3
22
10
7
7
1987
167
193
174
2
21
0
0
21000
1409
23
0
2
3042
275
184
17
27
0
10
69
13
2004
55
14
7
7
7
12
9
10
9
6
0
174
5
10191
13
8
0
12
0
0
0
23
28160
0
9
6
6
7
11
6
620
2935
7
0
1982
2
6
6
3
6
100
21
681
522
9340
6
0
134
18
5
5
0
0
211
6
5
10
6072
314
0
0
0
15
21
206
358
35986
5
264
449
0
0
21
64
20
1987
20
45
10000
0
583
83
3
0
33
18
7
4
3
40
15
52
5
915
362
3599
6
1369
351
4
147
341
6
63
903
5
4
13
168
108
3545
27661
11
608
86377
616
6
381
164
2231
21867
86389
274
608
14
25
0
98
80
7
9
21
16
10
398
7
7
6
0
11
9
1392
1392
1391
1392
7
499
224
8
0
137
251
12
2008
394
2002
0
7172
163
168
0
10224
7
16
0
1984
21
15
22
1010
2422
129
5
6
4
6
15085
15235
6
47
63565
3985
406
0
0
0
13
7
10
6
0
14031
21616
6951
14358
0
3821
79609
10
4
0
4
4
4
764
733
1963
128
0
54
0
75
211
5727
0
0
20061
5607
20056
49462
6
10
15
85698
16108
4
126
0
0
0
0
0
3305
0
20
0
7
6
7
10
16
10
17
238
1769
97
1781
1518
17403
4693
1099
14880
1101
3508
0
0
0
15
16
16
15
22
434
16
16
106
15
15
40
36
444
1175
12
596
412
5932
1104
1121
474
680
942
2592
848
19693
4951
519
472
799
566
532
184
488
79
20968
6024
21
61
86392
86398
20
6
6
14
6
163
6485
4494
9002
17984
18855
18504
17985
8997
4490
29
8
13
77
6
4494
596
6
400
6
4493
44
461
119
333
139
182
1110
5
68
3593
0
1349
86386
980
395
397
4461
854
12275
553
16
0
20587
20436
20076
0
0
86394
55
81952
82762
0
6
33479
86384
61
53
52
55
53
53
54
54
1776
53
54
53
53
53
66326
54
54
61
53
53
54
53
53
53
53
54
53
53
54
54
54
53
53
53
66
53
53
53
53
53
53
52
55
45
54
53
54
52
52
53
52
54
55
52
52
53
52
74
54
53
54
1434
54
85
53
2249
1800
53
53
54
56
1173
22
52
7
54
8
52
9
0
53
2992
3405
2992
3378
52
3349
694
2024
52
2024
53
53
38
53
53
53
54
170
67
1999
84
52
66
454
1844
68
1790
92
2457
53
54
62
53
53
53
284
590
179
302
595
600
53
53
53
53
585
597
601
600
15
14
53
54
53
53
54
53
54
52
52
53
53
53
52
52
54
53
12
54
12
0
53
240
53
86381
52
53
53
604
52
52
808
54
805
805
53
52
805
42
53
53
53
52
25
28
53
53
62
25
53
54
391
53
5
53
42
53
10
52
53
20
55
138
58
5
54
53
53
403
53
4
306
298
381
125
120
52
53
52
53
54
52
53
52
54
52
399
52
52
53
53
72
53
409
60
61
37
54
216
53
0
52
53
2051
53
61
85
53
53
42
46168
12
121
1343
1352
1347
1338
1333
1319
1289
1285
1243
1236
1228
6
1220
1208
1669
694
53
7
692
688
61
106
25
51
141
2427
108
54
54
52
53
54
52
55
52
53
53
15
53
54
33
12
18
13
52
9
200
54
9
106
52
11
5
54
54
52
53
53
15
52
20
54
53
53
53
53
60
63
53
53
52
55
53
53
2262
54
52
1803
54
59
53
53
53
54
1466
54
52
1168
53
1863
1833
54
55
53
52
53
52
53
52
53
52
52
51
59
53
52
53
53
51
99
53
52
3568
53
47
53
53
57
53
53
54
53
15
127
53
53
53
59
53
52
53
6
53
55
54
1828
54
479
54
55
54
54
4
54
54
53
53
53
5
54
70085
53
53
53
53
53
53
54
53
1153
54
54
54
55
38
54
53
54
52
54
52
53
52
52
59
54
54
53
52
54
60
55
53
54
53
54
54
54
52
53
53
54
58
53
54
4
52
53
54
54
55
1818
54
7
108
53
2254
54
53
15
55
3860
66
54
55
11495
54
54
14780
58
53
53
54
54
56
53
54
52
54
54
54
0
54
53
54
54
52
20974
54
7
54
55
52
54
54
7
53
53
7
53
53
52
7
6
54
53
8
53
53
52
53
52
206
40
147
110
40
71
42
37
158
40
124
104
41
41
177
34
41
34
115
67
35
34
101
54
57
51
40
35
31
34
87
169
167
34
101
34
61
9
1386
67
53
2259
62
53
52
52
53
8
53
53
53
200
33
149
79
33
89
34
33
167
33
135
121
40
40
171
41
41
40
107
72
47
40
102
82
85
59
40
48
41
41
62
180
208
52
40
118
35
53
54
53
54
3572
196
53
190
123
105
133
61
92
269
258
65
137
99
364
120
168
217
271
268
98
77
105
144
98
79
52
54
163
89
232
297
53
180
208
135
116
97
53
53
52
52
53
53
33
52
10371
53
630
3746
53
54
59
53
52
53
53
195
217
142
145
119
74
106
255
162
72
128
115
237
107
198
401
343
260
107
76
101
148
173
81
78
59
123
120
227
280
68
177
171
168
110
186
53
53
52
53
54
53
54
52
53
53
53
52
54
53
53
53
54
56
53
192
296
122
73
137
76
106
296
160
65
143
108
259
335
170
275
401
235
107
66
115
133
91
99
95
51
174
90
224
266
78
200
227
175
124
107
645
53
54
56
52
52
53
52
53
52
52
53
1499
53
58
54
53
52
53
52
53
52
3936
4514
52
100
185
42
120
213
347
104
211
38
37
74
74
11
0
0
0
0
0
0
0
0
0
0
0
0
0
0
0
0
0
0
0
0
0
0
0
0
0
0
0
0
0
0
0
0
0
0
0
0
0
0
0
0
0
55
56
55
56
1029
55
55
55
54
55
55
29
56
55
3578
55
63
53
180
54
35
35
37
25
25
0
0
0
0
37
0
0
0
0
0
0
0
0
0
0
0
0
0
0
0
0
0
0
0
0
0
0
0
0
0
0
0
0
0
0
0
0
0
0
0
2
1
2
0
0
0
0
55
0
0
54
3594
54
53
1924
3461
5411
3629
44
46
38
38
40
611
1228
1693
37
471
40
38
39
40
669
718
39
37
387
38
37
38
40
37
5419
39
36
5409
38
39
38
40
38
5417
42
5429
37
39
38
38
40
1951
37
38
4531
37
39
43
55
38
40
55
54
56
55
55
55
56
60
58
55
120
55
0
55
54
2375
54
3596
56
3596
55
398
55
0
54
55
55
0
4
0
0
55
56
56
56
56
55
55
56
54
55
54
55
55
56
56
55
57
60
55
55
56
55
84896
55
56
55
54
56
56
55
74
71
57
54
55
55
55
54
54
55
54
20987
8676
55
56
60
54
8670
21024
56
13202
13202
10647
56
1021
23
0
15
0
56
20
12
23
13
55
55
55
56
55
9
9
55
56
60
54
56
56
55
56
56
54
3263
55
63
17
251
55
57
55
20099
54
54
54
55
55
55
55
55
56
57
30545
63
55
55
56
507
55
599
55
23
13
55
15
13
55
62
55
56
54
54
55
54
54
55
55
19
59
62
55
55
56
86026
63
10
56
11
55
11
55
55
55
81
57
55
58
56
55
55
59
74
55
57
55
56
56
56
55
56
55
55
54
168
57
60
56
55
53
53
54
54
54
52
54
53
54
56
55
54
56
56
54
53
54
54
53
53
54
55
53
54
54
54
55
54
54
53
53
53
53
53
54
53
54
54
55
53
54
55
56
54
52
53
53
53
54
53
55
53
53
54
53
54
54
54
56
55
54
53
53
54
53
53
54
53
54
53
53
53
54
53
53
54
54
53
55
53
54
53
54
53
54
56
53
53
54
53
61
53
54
54
55
54
54
53
64
54
54
53
53
54
54
53
54
54
60
54
53
55
54
52
54
734
54
54
55
54
53
54
54
54
53
53
54
54
53
52
53
53
55
86
62
53
53
60
53
54
2357
54
67
65
56
54
54
54
54
53
53
55
54
66
54
53
54
54
54
61
54
53
55
55
53
55
53
54
52
54
53
53
53
54
53
54
54
55
52
53
53
54
54
54
54
54
52
356
53
53
53
55
56
54
53
56
54
61
54
55
54
54
54
12758
53
53
55
53
54
55
54
12466
12469
12476
12414
12420
12425
12429
12434
12438
12416
53
54
53
53
54
55
54
54
54
54
53
53
54
54
53
53
53
54
53
54
54
53
54
54
54
53
54
54
54
52
53
56
53
53
53
53
54
54
53
52
54
53
54
53
53
54
55
53
53
53
54
54
54
54
53
54
53
54
55
56
53
54
54
54
53
54
54
54
55
53
53
53
54
53
53
54
53
54
53
56
56
55
53
54
53
55
54
53
54
57
54
54
54
54
53
53
53
54
57
55
55
54
54
54
53
55
53
53
54
54
53
53
55
55
54
53
54
53
53
54
53
54
54
53
54
55
54
53
54
54
54
56
73
53
53
53
53
53
53
54
53
53
53
54
1203
53
1056
1093
1091
1088
55
1094
1087
1094
1085
53
1096
1109
52
54
54
58
58
53
55
53
54
53
54
55
54
54
54
53
53
54
54
54
53
55
54
54
54
54
53
52
54
53
53
54
54
52
55
7987
59
7778
8785
54
53
56
59
53
53
54
53
54
53
53
54
53
53
53
55
55
54
53
56
54
59
53
54
54
58
55
55
53
63
53
52
53
53
54
54
54
54
55
53
53
54
55
53
54
53
54
55
53
54
53
54
53
54
55
52
55
629
54
57
54
53
53
56
53
54
53
54
86386
86392
53
53
54
54
52
54
54
54
54
54
53
60
54
54
53
54
54
53
55
55
53
52
54
53
54
53
53
53
53
54
54
55
54
57
53
54
53
52
53
54
55
53
54
53
53
54
52
54
54
54
54
53
54
55
54
53
53
53
57
55
53
182
54
20
591
14
12
54
54
54
53
53
54
53
54
54
52
327
53
593
53
54
54
52
54
54
54
52
54
53
54
203
341
359
402
562
537
86607
330
199
389
364
570
1242
2967
2471
5606
70
154
294
465
719
1127
49
91
314
391
512
1034
68
206
308
369
519
1079
637
1176
1061
835
790
913
3755
2282
4306
3073
4501
5427
116
138
362
358
412
620
3003
2529
5423
7307
7308
7377
0
207
270
0
603
4
7
7
3
0
460
5
0
21
7
8353
4137
6
10
8
7
99
513
455
307
0
0
0
135
6
5
7
8
0
0
0
4472
16
9
18
21024
24
5
73
228
560
25
3500
2543
34
9031
606
0
189
18
1338
31
26
39
32
19
80864
82381
20453
20531
20295
807
0
988
8
7
4
12
15
72441
0
270
5879
11153
9992
6
6
5670
22
10
54
956
5
74
705
7266
4
2306
290
43190
34
22
109
85699
4492
3022
2820
7
148
99
1141
75482
955
1086
1194
2398
1360
0
10855
5979
2961
2849
2214
2255
3496
3449
3342
35
4
1010
31
1794
82
36
35
21
22
16
936
9098
277
0
0
617
358
39084
39088
15
159
5032
19277
11
4373
5
4359
4322
57
57
63
57
3949
45
46
54
52
48
39
42
42
44
57
56
48
44
66
293
56
73
73
55
55
29
4
65
65
64
66
69
70105
34
94
85
83
93
42
23
16
17
9133
0
22
724
724
724
724
195
195
195
348
1393
1395
721
721
366
365
364
368
193
192
192
235
628
628
768
628
324
329
330
335
6420
6518
6423
6537
6433
6158
6153
6466
1362
48
247
10
13
45781
20
4616
3751
7122
7068
6829
6810
6674
6654
6407
6385
6337
6316
0
0
0
29
29
15
418
4610
88
16
86373
26
18
8161
8106
74
8779
8055
3991
3878
86376
86382
0
989
42
520
89
68
1771
6574
44
176
609
86038
185
86040
1
161
6
322
0
9
20
0
0
105
77
148
22
17163
13
72584
17570
56
40
0
20985
58
14
39
9
10
107
5017
4
520
744
4989
0
0
0
0
26
992
70
6642
0
0
41
607
22
32881
0
17
0
414
17842
14
661
5431
196
86380
772
256
28716
2
148
38
141
5
2
2
3
2
3
2
37
280
4
31
17
78
1012
30
32
83509
3985
1
3364
10
139
20107
5
146
91
113
20
1904
4
0
14
20
44
39
20
0
28
74
20
5
6
17
13117
12443
20
10
30
413
34
6
2
1
46
34
0
80280
40
46
637
6
86
10
7
9
11
11
9
355
330
370
324
353
385
129
148
124
137
150
190
256
258
256
263
267
220
24
0
13
567
654
752
0
19306
42
1051
8
360
1
1
803
3
61
2
29
0
1266
167
0
448
228
83989
206
0
0
0
0
8859
345
56
10
298
505
0
2611
2003
7399
1568
1106
873
106
49
11133
10
10
15
16
101
2
23
1
54
8
816
98
1047
44
110
2280
157
37
28
644
85
28626
0
64
10
70
33
514
1
141
0
9170
13187
334
295
6
2
40
35
1
34
39
1
37
30
0
31
0
8
26
25
17
272
20986
40
38
46
38
179
35
5
29
17
10818
35
28
7
297
503
821
554
622
616
620
497
869
1210
1223
58
53
86397
86403
54
615
801
2
218
182
2
53
227
4740
85
351
2741
18
52
14
299
633
52
113
106
13
52
0
19
21
4
4
5
80
633
585
131
2
31
29
42
0
31
29
807
775
78
578
37
29
767
307
335
233
2005
648
1999
1792
304
858
15941
58004
6
1094
8
1142
943
61
25
2013
29
32
36
346
636
54
172
45
147
2
1
153
3668
891
489
927
694
0
39
660
6336
0
876
1
18
0
4
21
141
0
0
135
608
86373
40
238
694
0
915
45
1782
3
673
0
11
4
1200
0
2
161
214
1
2
8
6
0
147
176
1032
580
10
0
0
26
4016
165
1
544
620
39
0
59041
0
12
5358
61109
648
0
1
178
54
47
28
39
266
789
170
319
107
6380
10489
206
65
388
82
305
11584
216
646
1793
192
6
10038
378
2
9919
219
2
190
20200
61
2
31
451
161
2
98
305
561
2
2
7
34
29
851
1196
2
2
82
2
45
28171
31896
33682
895
38537
620
39504
43595
45577
626
48795
50025
52959
53360
56614
613
63769
623
618
615
17381
17856
18700
629
626
24091
636
638
28099
622
615
617
27339
32895
30488
622
617
617
615
615
616
617
617
616
40011
618
40002
25076
616
616
617
618
618
38349
618
619
5
537
1494
31
32
63
1
20247
0
0
0
0
11
83
33
34
36
53
942
491
217
166
0
7
35
59
14
1000
2
6
4
21586
61215
8
5
20
80
2
1
78
2
19
38
74
53
2
30
2
33
42
2
10
76
57399
86379
86391
65
780
59
69758
11
49
14
106
1134
0
0
4
0
67894
1420
0
0
2
18
0
446
123
150
836
945
75
38568
243
7196
1980
361
19
168
338
91
97
2435
0
19
100
23
11592
22
138
22
0
0
22
0
23
23
619
6361
17109
10705
12690
290
8596
731
3201
272
84495
12982
647
388
186
873
1782
2807
16
21592
21592
0
21592
64
61071
142
5735
57
71973
44
623
20997
11590
70
23
15516
761
98
7651
68772
18
620
54
2162
691
128
55
65
778
1401
2573
55496
317
56397
888
1144
1927
71980
11566
15477
967
20978
891
4005
231
498
1
460
6
458
6
68613
34
51
51
29
46
45
0
29
28
29
0
96
61
53
60
68517
59923
54
55
54
54
54
54
67
72
54
60
57
55
53
54
54
54
55
55
54
55
53
53
52
55
54
55
56
55
53
53
55
52
55
53
53
54
54
52
53
54
53
53
53
55
56
53
53
54
53
52
53
54
55
54
52
53
53
54
54
54
54
53
53
56
56
53
54
55
54
56
57
52
54
56
54
52
53
54
53
53
53
54
52
53
53
54
54
62
62
53
53
53
54
56
55
53
54
54
54
54
55
54
9984
60
21580
56
21602
53
21603
630
55
56
54
55
55
53
54
53
53
53
54
53
54
55
54
54
54
57
54
54
56
55
55
55
54
53
56
56
54
53
26845
53
55
54
58
54
343
10387
502
0
15139
270
1773
64
53
17
54
14
14
56
59
883
67
68
64
71766
55
54
53
55
53
98
7859
55
20
0
687
2477
3971
86390
25
334
646
12616
6224
8881
6303
80215
43039
235
1058
259
129
48189
44769
716
86380
1499
0
5464
1793
110
103
123
121
0
2198
2950
0
41
3056
0
638
455
177
1
706
8378
258
20676
2
7120
32
13828
16588
17015
3
38
648
14666
0
6
86373
21574
61253
112
671
0
0
0
0
0
0
3
2
2
3
2
17
306
64
78
111
164
0
86390
2
0
153
1
507
1809
0
56
171
1072
245
139
1245
41299
80408
151
41270
3
1038
259
487
197
6
2
68033
69799
20
19
10
14
7
31
313
3341
250
0
0
9
52
123
9
28
143
766
14
1
3
19
5
5
0
6
2
31
1246
1800
0
10
125
783
1062
15
6
928
11381
28577
2631
9872
51
14
12539
44
16
47
266
6179
15306
13412
8847
13
1778
177
68884
0
5
3
88
23
7
45
6
3952
19
2141
188
3
86401
17
1288
0
85669
17
4699
8212
15997
8986
5892
0
849
168
19
5
89
1783
86
601
2671
793
1
3
303
297
297
42
304
297
301
301
301
297
298
7198
158
165
398
150
183
160
172
395
394
19
0
7
1
89
0
1
0
1
1778
3
321
210
156
4
88
1713
2782
5
133
4
171
138
51
72
53
172
77
115
97
1
4
234
204
94
69
86415
51
86392
170
3570
39
8
17
161
11
3445
4
7
5
86388
112
75
61847
116
931
529
199
203
2
13715
33
209
42
83
324
43176
40
0
72
212
143
183
2
6026
61
131
58
417
5
0
0
1
0
295
151
404
203
86
6
89
71
284
42
86393
1
11
17
49
58
172
42
170
110
292
411
477
644
117
6
117
10
101
14
138
140
85
23
48886
3236
57
92
511
2
16719
0
586
773
467
94
34395
20
823
86393
734
0
60137
20059
0
0
0
102
313
40
32629
20196
20155
0
1968
352
75
103
31
77
1
1
4
0
80
8
8014
0
86394
882
171
24
1730
1069
1870
49
161
30183
41
16
1381
10
146
20977
98
20980
10
11
305
294
299
304
311
9156
3606
35511
1695
12
12
222
299
0
470
345
365
23
194
82
58
10
57
258
58
41270
202
21674
10
7
294
8
7
7
3
6
16
51
38
405
86383
623
658
64
590
1799
1050
84
72
0
3
8024
3999
8020
454
321
1
1
1
1
183
149
1
1
7047
7132
7188
5423
68900
27311
453
0
499
50182
9992
55
2268
836
3309
68008
43258
42212
30912
26647
7
2
2
17
115
738
23331
43187
9
4230
69890
55
10
9
8
11
34
366
11342
6573
104
1
11
1831
0
453
2
86393
0
9
86386
0
453
0
372
22
0
256
2742
2
3
3
3585
1363
18
6
258
86379
3
320
554
29
13
22
2415
29
25717
970
554
315
127
8
26
82521
108
60622
126
88
54
49
48
40
47
58
71
38
237
116
81
59
71
72
108
164
357
361
119
67
55
42
37
40
44
55
68
54
34
118
91
56
49
87
80
83
164
285
394
20342
543
124
82
62
62
82
82
202
204
295
20105
46
9
139
2
2264
1062
86394
6
23
11
2
123
83
35
1606
1
0
47
19
1784
11
232
202
59
2369
543
44310
5646
1
8916
0
277
34
0
11
0
7
53
20994
152
915
91
22
286
729
2886
669
997
174
78
25
161
236
13
329
328
879
5566
90
6
1569
1817
3
0
2
5528
1999
2
0
1
12
305
4
1
1
1
5
143
1
5
9
4
295
3
80798
3
447
3
2019
661
13
1
11
1407
10
2
794
7
9
60
9
331
459
1777
264
3627
5429
8
0
108
1014
39
3018
2141
1772
0
6
2456
2
1
11571
6264
7
15451
8
93
6248
10
8912
1791
6109
17
10
20
2731
17
339
28
1
33
65
17
17
46
702
18
1445
18
20096
20493
0
230
380
6526
2718
12
3
80
121
8
156
13
14
7
16
27
86594
1519
27
4839
7
2
1
2
221
78
68505
208
1796
419
4
7
0
2
32
324
0
9
131
14
60
1773
8025
169
0
2
229
26
0
1528
14
4678
15
2
210
20
19
20
67
0
843
2
146
445
11
54
2
1781
3597
897
2
2
28
542
0
485
41
290
6010
180
60
3
0
42
951
25
365
4418
2
96
28
381
373
289
189
6
29
2
3
2
27373
6
1935
868
1098
12
664
26
391
3
8879
11
1984
33
2000
2004
1510
1729
23
3
27
2
3153
3
8
39564
3
151
96
11
64163
35
353
293
0
3
26
9
23
21
15
15
10
8982
14
579
82
66
10
849
4159
95
39
46
50
14
1774
186
58
83
50
68741
3300
14
2958
2306
188
1079
1095
922
216
851
1990
840
702
8
125
2083
9640
90
147
428
0
440
357
885
7
115
467
69
32
68452
53
0
146
1147
23
2001
796
271
15
171
11989
205
995
163
1834
239
93
534
67
0
0
1690
35975
1855
12
13
6291
3
26
1784
12
28
1248
1224
0
1780
7
5
150
15
69
0
2
4
56
0
0
86380
2
4
60
697
1185
11014
1224
2003
8243
16013
8987
5903
0
65
876
137
14587
1
1
310
248
111
107
1038
5529
1
158
33
100
33
33
19
408
63
19
19
52
444
46
186
34
84
58
65
70
467
43
43
1
141
1
364
123
98
123
45
113
70
408
51
94
21993
405
338
11981
457
86
586
167
515
1653
508
655
68636
41517
233
64
167
52
45
39
74656
3234
39
36
926
32
43
29
29
46
77
522
30
32
28
36
30
33
34
33
34
37
35
33
34
33
13675
33
104
43
33
34
34
34
36
38
33
30
30
30
35
36
34
35
37
33
33
37
28
33
33
28
34
33
34
40
33
34
33
33
29
33
29
29
29
33
33
33
32
33
33
33
32
34
41
28
32
32
32
32
39
33
33
49
35
32
29
33
29
28
29
32
29
29
33
32
33
28
29
3247
28
29
32
29
28
34
29
33
33
34
33
33
33
32
32
32
37
33
28
57
54
33
35
38
29
33
53
36
33
43
47
33
29
33
35
33
33
29
30
32
38
32
32
33
33
34
41
29
29
33
33
0
35
39
47
42
33
33
32
11025
29
36
35
35
32
39
43
45
32
33
42
38
35
41
49
29
28
33
33
33
42
35
34
32
32
33
31
32
32
31
34
32
132
31
32
29
37
36
35
31
33
3280
150
0
48
40
39
39
40
38
38
40
41
36
37
32
33
31
32
32
31
28
28
28
32
29
29
33
31
32
33
33
29
32
33
35
47
31
29
35
33
96
52
41
37
38
40
3246
32
32
32
32
31
31
31
32
52
34
35
36
34
83
293
68650
13730
42
3257
36
36
35
36
31
32
91
224
32
28
32
40
35
35
32
34
31
52
31
31
32
3250
32
32
3385
40
29
49
31
31
42
31
33
35
33
33
4
39
40
32
31
32
37327
31
0
3
205
8674
31
8974
213
45
69987
68192
32
27439
33
31
66
752
33
33
32
32
32
34
34
32
33
399
31
1997
31
31
43197
32
32
653
32
32
33
41
42
42
35
33
3259
32
32
33
43
40
33
33
34
34
129
32
40
33
2919
31
31
29
499
32
33
32
31
63
45
17
31
623
47
8
31
29
31
86376
15
32
29
20
28
31
545
32
32
30
32
43
35
30
29
124
9
74
552
8
30
32
1438
41
32
119
32
34
1314
30
17
33
497
32
34
32
29
503
32
32
14594
30
35
3655
495
493
490
108
71
73
68
33
29
33
33
29
32
28
9
38
79816
38
33
0
42
1512
968
45
964
1543
40
1021
32
31
32
32
134
32
31
4051
35
32
1667
1035
33
97
33
41
16
32
36
1019
242
799
35
510
34
78293
34
36
95
38
283
842
817
769
33
42
86398
34
34
91
34
42
35
94
36
35
34
34
56
32
41
748
13994
39
39
37
1002
25
41
56
807
20
30
345
33
33
427
251
154
144
43
0
33
33
16648
1775
20990
14420
36
11
36
153
42
20989
219
1782
34
12577
1
7
32
137
28
0
7886
4002
1863
844
35
28
1015
847
769
27
173
0
27
33
1094
30
30
34
201
2
5586
37
33
34
33
493
41659
33
33
5
5981
36
33
1600
838
771
34
41535
29
11
34
36
3
16
644
824
339
764
37
23
28
29
23
29
147
24
34
115
45
29
55
35
51017
33
29
141
34
30
538
36
1790
6
4
140
821
4
4
3
3
2
4
4256
3
2
3
143
16
3
13
4
4
9327
7062
4
34
40
34
144
37
32713
33
33
34
34
26
29
31986
16
34
40
35
8489
53
16
16125
16492
24679
622
616
15
621
9
616
9
40013
617
615
615
40016
40007
16
15
9
11
10
10
411
15
411
411
14
411
411
10
411
13448
9
410
12
9
34
29
33
34
303
34
58
29
546
150
28
34
30
34
50
34
30
34
33
34
34
34
33
34
33
34
32
33
33
12
33
33
35
33
24686
7594
17
12
35
13
1780
33
34
816
118
66
28
30
29
37
15
34
1081
34
34
34
37
27
33
33
31
36
37
49
35
58
42
32
33
33
34
43
21647
40
41568
32
996
34
38
34
38
33
1078
826
755
34
35
34
33
0
1991
4
28
156
32
2
32
28
117
33
30
1016
823
754
30
10783
36
26
9
264
52
8
40
29
33
772
1089
825
752
30
33
998
1074
771
30
33
68574
31
34
31
11
15
101
11
15
7
28
27
29
174
40
6
36
7
5851
485
5255
30
39
38
991
74
76
19
352
77073
11
35
976
0
0
0
0
0
0
28
29
1727
27
29
29
29
1101
29
0
5
609
29
1393
30
20
1545
29
0
21
86399
851
443
269
185
472
111
14
470
132
1
241
916
920
615
876
759
221
219
29
1069
900
799
150
1797
869
820
1202
1016
891
312
50
13
997
0
0
0
16
16
1816
8
0
3270
8
16
6
17
84747
84743
764
57
35
291
268
423
0
0
192
125
2
12
612
511
92
789
10
108
2
29
2254
9
308
15
318
9
44
9
710
781
4551
2839
4167
778
86377
4380
3542
4054
2646
435
781
151
0
131
84407
0
11
11
0
0
242
0
0
50
5
171
8
8
86
4
13
132
48
21572
510
2
2
1068
839
3805
10
8
7
10
17
33
3596
53
147
2538
9
0
299
1175
1433
103
0
0
32
215
0
0
409
121
29
121
378
17
195
0
11
111
18
10
1778
202
86273
1069
844
19
1062
885
759
1998
1071
842
783
1079
838
747
22
57
1784
0
107
39
0
762
1
9
35
4735
337
85
320
107
65
40
499
17994
429
27524
0
382
197
18
14597
19
12
2982
1132
648
214
17
364
222
1501
1936
226
1130
66
634
702
597
631
4764
232
767
1210
8
6
86393
117
1
1
47
1
93
6
5
101
646
122
108
0
41
7
70
64655
250
7406
79
29
231
96
663
207
2787
16
36
94
531
15
67
578
15
51
16
14
86
106
851
48
15
40
0
205
15
6416
788
1165
5037
4636
176
20
660
15
16
839
57
200
50245
86379
0
44033
5
147
45
23
571
86405
1190
3544
4028
0
100
1309
61436
761
3141
204
195
68506
0
0
86399
94
120
60
90
91
90
86378
68518
68473
68803
41547
12
2
224
12
700
37
13
35
16
36
22
42
29
28
35
84
1267
3
3
4
550
524
14
16
6501
44
2823
36
34
2
30
37
4
58
565
13
30
36
30
30
36
29
35
29
28
28
0
50
35
0
103
38
29
774
35
35
68756
980
30
36
38
1218
30
28
30
63
1300
34
100
34
34
34
30
30
60
33
30
33
29
29
33
30
35
64
14394
35
35
30
29
30
30
28
30
64
29
30
29
29
29
948
35
14394
35
36
66
14400
32
41
28
30
34
29
29
34
0
46
41
30
30
11
30
29
201
33
29
63
34
30
29
30
29
28
29
30
64
30
30
29
34
30
29
29
65
34
33
34
33
34
30
38
25
28
57
54
34
3257
34
39
33
34
41
35
30
34
49
33
30
34
34
33
34
30
30
30
36
33
30
29
30
36
43
28
29
30
30
34
67
40
44
28
30
34
30
34
69
34
34
37
41
45
34
34
66
34
34
40
51
30
30
34
66
34
34
35
35
35
35
35
73
30
34
35
35
35
35
35
34
34
38
38
36
35
35
37
38
41
41
35
42
37
73
41
41
43
38
35
35
35
35
35
34
34
34
30
34
29
30
34
35
34
30
35
35
35
35
51
49
35
30
38
35
101
61
52
37
37
40
35
34
30
30
29
29
34
34
72
36
36
44
13748
40
42
587
38
37
36
38
36
34
39
66
138
34
29
30
38
38
36
33
35
30
55
61530
68075
27471
70076
29
32
5377
46
32
32
34
31
43
34
29
46
298
33
3255
35
104
32
32
39
44
70
31
33
32
34
33
31
32
31
52
35
34
32
33
32
39
34
36
32
32
34
31
29
33
32
33
33
33
48
34
31
35
34
35
33
32
33
34
32
33
32
2294
33
1021
843
773
55
3273
62
35
1328
32
32
17
33
7302
32
917
1230
1940
34
53
33
34
46
44
57
86398
49
86398
31
130
32
75
33
29
1258
61
61
67
61
65
65
64
64
35
5
7
39
28
17
32
46
2025
36
0
29
19
31
103
28
0
81
1083
1650
33
4974
33
21582
94
44
21382
74
0
198
446
187
318
35
190
4
156
4
0
57
1499
42
18
112
6285
14
140
18
11
362
1297
998
1050
513
74
312
57
1288
708
5
3287
41
0
25
47
1047
10
41
31
361
656
115
43
42
406
891
40
14
12826
11
24895
1590
31
141
10
5
12
25
4
7
121
4
5062
4
3
6
403
6
86391
433
45024
1072
27
11
14
2479
12
68690
7
491
11
10
7
90
7
2355
4
47
40
40
627
39
1788
41
41
1746
36
7
1080
2
7
10
17
1180
8
806
67
93
10
12
8
8
45
16
5
237
0
2
4
899
6
6
5
7
7
655
9
2515
6
6
5
15
6
469
16
1233
384
46
599
323
0
102
63
191
232
23268
0
40
4
3249
21580
0
5
47
0
42
131
486
42
0
45
844
0
39
3
469
0
39
39
37
3
247
94
39
2
3872
3826
361
12
826
5
644
23600
5
7425
1716
5
1506
2
5
4
2
37
706
39
2448
721
93
8
401
39
311
3
324
39
39
147
86029
41
3592
44
14582
44
31
172
38
756
815
37
34
31
556
36
890
37
37
30
42
31
36
5044
36
1663
30
31
37
32
36
1069
14159
30
67
36
36
76
2
0
86030
125
425
0
294
9065
59
3005
4596
7434
7775
29
29
46
649
31
108
35
1
36
1994
35
60
35
2223
231
35
36
30
153
35
27033
35
7390
4028
913
49
16
25
22
80
1
134
1
1311
7
41
2048
309
2
0
30
31
17
498
35
689
30
679
444
41
15223
38
1174
64
12
36
112
42140
42
68
35
37
522
35
60
35
960
36
1778
29
29
34
15698
15761
24585
15748
15653
16129
36
61
34
35
95
33
756
35
45
1580
1797
9017
34
29
1800
30
614
7409
309
8095
8
8099
1062
31
33
37
48
37
30
33
37
36
55
33
34
30
31
36
10
35
9
27
70
30
32
33
170
35
34
976
31
35
52
2
36
143
45543
85272
37
136
613
62
651
10
5
5
29
31
314
27
8
43
4
45
42
46
149
21
604
100
7
42653
337
539
12897
0
118
362
38
369
2373
40
33
363
36
366
29
28
29
36
368
374
30
36
35
29
2299
36
30
61
61
54
55
54
54
43
55
49
58
96
66
109
109
112
136
130
154
168
158
190
217
229
229
228
268
295
273
289
274
297
403
399
394
478
479
661
686
723
705
32
764
771
908
1028
1029
1057
77
77
82
82
95
126
144
146
145
145
148
141
148
158
187
158
42
42
44
68
73
62
56
56
61
61
31
39
39
1078
38
37
1
28
66
38
41
21
42
29
31
66
38
41
44
32
15
41
39
71814
38
5
0
38
42700
74
42624
134
0
1067
34
56109
35
54
13
36
72
116
45
49
1131
2120
16
16
49
1147
117
2409
438
37
38
136
46
37
26
39
9
34
726
39
85
43
0
35
36
38
38
34
34
36
81
13812
34
33
320
0
35
35
113
45
12
16
397
66
18
28
37
48
26
727
20
36
141
5
43
209
30
3348
1236
0
6
36
1187
30
7
34
99
153
21
135
70
7
2
86373
162
52
117
6
60
3374
4
53
43
329
274
298
12
16
1029
10
1311
0
121
136
7
16104
9414
8162
368
5939
19978
6
21592
14
7403
7200
0
1688
38123
7
11
365
6
0
7
15
10
22
68385
18
37
29
5
16
15
126
101
435
333
260
323
324
423
44
233
13
17
16
188
256
18
15
7
763
86024
127
1691
629
1044
17
401
7
375
293
3172
1875
200
295
7
152
2388
8
7
1514
820
50
617
119
19
42
1082
999
8
0
1200
848
369
699
49
717
8157
7
7
7
76
27
84875
312
236
244
6
27491
7
130
1685
135
330
284
260
180
346
16
10
428
5958
8
439
5780
399
6
10
105
416
564
639
324
35
736
84
235
2738
169
282
6
86382
3110
15
15
188
2364
9
15
145
104
10318
10
100
9
17
75
33
11
59
84756
11
74
0
0
14
7128
7
75
80301
75
16011
2893
1939
1494
1204
1276
861
1117
1528
12
11
12
13
17
2142
129
83847
225
90
8132
99
341
11983
43209
28096
1792
805
75601
15342
34
13
14
86395
7314
1024
1
1
17
21
62
1019
1032
1034
1032
1035
1034
1035
1037
1035
1034
1036
1034
1033
1034
1034
1048
1048
1044
1044
1125
1043
1042
1042
1036
1
1037
1037
1036
1034
1034
1033
1037
21
32
73021
55
0
21585
2313
9
8115
1035
55
12
53
86387
55
32
7
669
82639
13
80140
86380
68455
5990
715
418
94
31985
25885
14582
7966
3630
3066
2061
1576
931
31
20
325
368
8128
81768
301
1684
22
1839
35
55
12
37
45
29
34
34
81
553
0
35
34
29
232
41
30
35
35
39
32
35
35
35
35
29
29
117
8113
43
32
35
35
34
52
38
29
34
33
33
34
35
34
51
34
33
33
35
34
29
34
29
46
34
29
36
33
34
34
33
33
74
28
34
3
2
2
4
3
3
3
6
3
7
13
3
2
2
2
3
3
9
9
5
0
21
7
3
3
2
3
3
3
2
2
3
3
3
1
3
3
2
2
2
3
2
7
2
36
34
34
34
34
3593
34
34
34
29
81
29
29
58
56
34
35
77
33
35
47
34
33
35
70
33
29
34
35
33
34
30
29
33
37
34
39
30
30
36
47
4441
33
32
33
37
35
35
44
45
33
33
8112
36
54
36
34
34
42
39
44
80
33
34
34
38
35
46
51
35
33
34
35
33
34
33
33
33
32
34
32
33
33
32
33
33
32
33
34
32
36
36
33
33
37
37
37
41
42
48
44
37
37
39
44
41
40
32
44215
61
89
32
32
25
26
27
32
72
29
37
33
32
31
31
31
31
52
32
36
48
28
29
35
36
103
55
42
36
37
38
33
32
32
31
32
32
32
30
94
39
36
8119
38
36
42
97
37
35
36
35
37
31
32
239
48
30
30
31
41
37
34
31
66
29
56
31
32
33
31
30
55
29
46
38
34
47
36
34
126
36
38
41
45
28
33
32
63
35
902
38
33
33
18884
29080
33
25153
31105
9
27
33
13
32140
26023
15019
6465
4104
2327
1507
57
50
43
14
33
31
32
72
33
32
41
23
862
33
452
30
37
33
43179
38
34
33
3
102
30
36
27
869
35
85
35
38
38
11
37
30
31
33
32
38
8123
40
59
52
32
33
87
14380
34
468
105
38
32
17
36
33
31
31
16
33
97
1
46
17
52
109
32
47
34673
29
30
31
59
29
29
33
66604
38
33
37
30
77
36
30
29
57
84
32
33
62
33
32
30
32
30
32
33
29
28
36
36
30
30
37
34
33
30
30
29
30
40
39
42
38
38
58
33
70
31
33
40
30
33
34
0
35
34
54
33
43
37
36
35
45
30
48
30
38
30
45
33
48
35
34
62
32
1380
57
15
33
58
3
5
2
6
12
3
6
6
6
4
3
16
3
6
2
2
3
3
4
6
3
10
5
4
3
25
30
15
35
32
46
32
0
39
16
21
7899
52
36
42
31
33
11
36
6
247
21
32
18
19
18
19
19
19
26
4
19
19
19
18
19
59
57
54
52
49
47
44
20
27
20
21
24
22
21
20
21
21
21
22
30
33
35
52
13
32
289
37
37
63
35
727
11
278
11
4
3
4
27
3
1
3
3
2
4
32
709
711
711
0
735
708
25
3
709
398
2
708
1345
719
717
709
6
710
708
7
710
710
53
709
713
711
3
709
38
710
708
710
34
711
714
719
38
709
710
86
749
728
3
709
709
709
78
746
283
38
86374
6
86374
2
5
503
24
37
570
67
32
30
52
256
32
10
48
2563
52
10
696
333
33
89
34
21578
52
40
34
21600
64
392
33
69
17124
730
30
64
161
33
617
21590
4
29
2
5
4
6
4
6
710
138
714
21613
85
1773
3
3
26
2
5
4
4
21574
64
3
3
2
12
4
0
278
4
17
16
55
2
4
64
806
7
23
17039
12
3
7
2
13
6
9
4
5
2
3
3
3
5
3
5
2
3
3
3
2
2
85272
1548
124
397
3
3
3
1
2
3
2
2
2
3
2
21
2
704
2
3
2
12
3
3
3
3
3
2
3
3
2
3
2
3
2
2
1
14
13
15
47
893
3
3
2
3
2
2
2
3
3
3
2
778
3
3
3
3
3
3
4
3
3
10
3
2
2
1
3
3
4
4
3
3
2
3
3
3
4
2
6
4
4
39
52
14
43
6
17
39
7
5
105
9
3
3
4
9
6
14
15
2
3
5
3
6
157
4
7
3
3
15
2
3
18
6
1
1
3
3
1472
4
1
2
2
3
2
2
3
3
3
3
2
3
3
156
3
3
3
3
3
4
4
4
230
3
2
2
3
3
5
3
3
5
12
17
12
7
5
321
8
7
23
3
3
3
2
729
5
4
3
3
3
10
2
4
2
249
3
498
8
50
3
43
2
2
1
1
3
3
2
3
2
16
2
2
2
6
3
2
2
4
34
3
3
3
5
3
4
3
101
4957
64
51
58
48
75
993
47
46
46
45
14
16
13
14
15
15
4
1188
84738
39
44
3092
45
2483
37
9
37
50070
38
73
70
71
496
349
35939
0
86031
0
1213
49
1980
2006
1995
44
0
363
13
17874
86031
4
86389
7384
7171
5989
5179
4712
55
947
68483
68482
68847
61988
86378
86380
3313
86374
68938
82307
44187
63
318
86378
524
84845
18
514
80880
6
86392
279
517
2815
14395
37135
14386
14396
4560
41111
0
86395
86383
57915
42459
43179
13
43180
338
337
68617
12861
8
66
190
1146
99
639
0
67
1201
21582
6256
5396
72368
40
21602
1246
610
21591
21584
21594
21578
85309
1
1
1
3
3
123
83
129
69878
27
39
31
20
1173
130
803
528
1798
4
4
110
21
54
166
46
35
29
1
386
43
55
1093
187
2
1281
1310
15
1780
1800
74
107
84755
68517
117
0
80
13802
17980
6
1778
1914
74
29
12
238
9
467
23
22
479
243
223
304
3498
416
9
41677
834
82478
495
73497
100
20
11
7
12
119
158
1176
83
33
84
80942
79
97
11
1979
41569
264
62211
0
0
488
83988
35
12
34
84805
32
257
795
36
195
122
15
394
314
38
185
113
21
228
536
36
21
39651
15
9
0
0
0
0
20
19
86391
7
249
7
7
86391
6
13
4440
33
43176
43200
43194
13
6
7
18
6
7
70518
68129
27535
0
777
10011
94
28755
28757
713
86385
20
72625
22
86382
14
523
12
12
47
234
14277
541
685
14047
11
6196
16
10
6
12
86388
459
16808
5
7986
32
17
86388
13
6
7
9
16
57
86398
2910
3228
2771
0
11
15
21
11
25
10
16620
16
82924
0
11
54
6
5
82435
6
6
96
6
355
14
2364
21577
4543
326
8
14
14952
619
28690
46621
630
618
667
617
617
616
625
617
50
18941
791
14
2
5
7
0
41
26
4
96
10
15
15242
205
20
0
3421
10
18
176
68850
10790
46192
5
50
51129
168
1321
754
180
3591
6
43187
21580
20
78
279
458
0
2
2317
23
76
417
69
271
1
3884
1796
1794
5
65
606
21579
38
62
94
0
2796
21579
1667
5
67942
241
688
48
0
115
21579
86383
83
80223
0
49
955
24
19
1238
8629
1712
21581
0
8410
2319
2372
3635
594
37
19
1242
12650
26
40982
1901
86391
8131
1592
0
12775
0
867
0
872
879
0
873
3051
9064
2573
86393
59
42214
86429
2170
2095
533
0
0
36
86376
68448
68735
0
451
454
607
2
87
81
34
75
1703
25
2433
0
32
627
278
1104
82702
105
6181
4
433
2
176
615
78
1
2
471
10689
2688
1801
1393
2
41
36999
110
118
2218
1217
1589
2055
2077
3832
2
106
639
43199
25
7741
40
144
46
157
52
43199
594
19
86392
13
14
38
6
41
7217
26
0
14
205
343
151
67
841
6629
6177
7
10541
619
0
4
5819
4
4
352
8
82019
3670
614
1991
2797
65222
70
1188
128
874
103
0
270
240
0
3708
0
2258
1659
1194
32
11
1771
0
84909
2617
21
2466
2586
38
2491
2620
2650
2682
86388
2619
2672
2634
509
2557
2511
2600
2556
5143
42
699
1366
0
0
28
32
699
465
0
0
13924
760
0
67
0
217
5909
28774
37
2239
24401
189
5
1793
33
10
657
201
26
98
8
91
640
3803
0
74645
720
13
17
45
45
20
43
0
334
1492
50
1112
1017
38
783
45
584
574
51
377
61
325
165
266
0
341
0
13
309
227
1650
17
221
190
33
11
24
220
24
24
154
0
23
3
42
155
18
31
4
4
72
0
75
75
166
75
75
59
17
20
59
652
59
187
46
4
37
4
42
1784
32
20
0
23
24
184
232
131
28
5
91
9672
453
180
86
824
1770
16
364
161
204
22
157
86396
878
146
1020
1679
173
715
43
80
1457
275
758
384
28797
733
50
1725
86588
204
187
187
1348
6188
715
1461
1043
954
978
5941
5908
1967
35983
0
0
24
13793
141
7
234
1072
1975
2
905
2014
2079
2090
599
1925
3
85113
1900
477
8
86415
2
2
86426
2
35978
29
122
20
27
27562
3780
477
3808
20
366
1
24
27
20
24
43
62
147
11
117
1962
1171
13
387
1647
969
4535
4529
2845
492
472
80905
238
1593
20
118
482
9046
2047
79218
35
293
37
11
6
6
6
5
5
5
736
708
348
297
1
162
314
80070
1
0
180
14536
183
14623
39192
14387
11
43191
4
19
43190
18
4
3
3
3
3
142
24
2
627
211
29
791
28798
25261
0
0
0
0
0
0
0
737
768
218
0
28786
846
57
765
760
783
4448
1777
41
32
34
32
35
32
32
40
36
36
41
93
63
49
56
45
41
16
51
15
14
15
14
86402
0
18674
24
68515
71743
71382
68731
28776
468
41745
757
1519
4
43
63
51
13078
28804
6242
42
14
0
156
