86400
72000
86400
86400
72000
86400
86400
1800
1800
59
64
17040
64
55
55
72
72
76
98
98
44
59
10020
159
170
170
170
23
41
86400
41
179
60000
86400
19
840
69
840
45
45
65
5
40
81
4
3
87
4
4
4
5
10020
66
66
84
110
7200
76
120
120
47
120
49
45
176
176
48
49
7
3
3
6
47
47
9
80
31
81
80040
83
1200
150
150
78
78
78
78
152
54000
107
73
74
8040
54000
54000
54000
54000
54000
54000
54000
54000
54000
54000
54000
54000
54000
54000
54000
54000
54000
54000
54000
54000
54000
54000
54000
54000
54000
54000
54000
54000
54000
54000
54000
54000
54000
54000
54000
54000
54000
54000
54000
54000
54000
54000
54000
54000
54000
54000
54000
54000
54000
54000
54000
54000
54000
54000
54000
54000
54000
54000
54000
54000
54000
54000
54000
54000
54000
54000
54000
54000
54000
54000
54000
54000
54000
54000
54000
54000
54000
54000
54000
54000
54000
54000
54000
54000
54000
54000
54000
54000
54000
54000
54000
54000
54000
54000
54000
54000
54000
54000
54000
54000
86400
74
86400
40
86400
86400
4
2
86400
86400
5
1200
8
8
8
8
1020
1020
1020
1020
1020
1020
600
600
75
1
72
4
4
92
5
2040
2040
1
606
606
606
606
606
606
124
124
124
124
124
124
1
1
7
32
28
15
15
9
1
1
541
542
542
86400
2
124
124
124
124
124
124
1
78
303
303
303
303
303
303
77
4
86400
52
52
86400
14
14
29
86400
29
17
31
28
28
29
27
44
29
78
78
76
585
585
585
585
585
585
585
62
64
17
188
7200
119
119
119
119
119
119
113
242
44
5107
12000
586
586
586
586
586
586
155
8137
74
58
5
6
6
7
276
70020
107
113
113
64
73
26
17
5
2
3600
2
363
84
86040
363
99
99
99
99
99
99
86400
242
153
77
105
1800
1800
20
15
27
86400
106
18
25
13
76
90
39
39
1800
3600
50
72000
63
63
7186
109
72000
70020
110
137
43200
825
177
156
253
296
296
253
167
301
167
178
132
167
167
178
121
178
178
178
178
436
436
1200
233
72
1200
100
1200
86400
327
6
6
181
181
100
1192
138
600
87
87
600
600
0
0
30
84000
12
12
206
85
83
63
143
143
146
69
36
19
14
27
15
147
20
30
30
36
31
221
26
26
16
229
2219
208
86400
229
1280
232
174
86400
174
174
174
233
231
115
8
8
8
8
8
57600
1190
120
120
86400
38822
38822
38822
38822
38822
38822
38822
38822
38822
38822
38822
38822
38822
38822
38822
38822
38822
38822
38822
38822
38822
38822
38822
38822
38822
38822
38822
38822
38822
38822
38822
38822
38822
38822
38822
38822
38822
38822
38822
38822
38822
38822
38822
38822
38822
38822
38822
38822
38822
38822
38822
38822
38822
38822
38822
38822
38822
38822
38822
38822
38822
38822
38822
38822
38822
38822
38822
38822
38822
38822
38822
38822
38822
38822
38822
38822
38822
38822
38822
38822
38822
38822
38822
38822
38822
38822
38822
38822
38822
38822
38822
38822
38822
38822
38822
38822
38822
38822
38822
38822
113
115
117
118
119
119
86400
86400
86400
86400
39399
39399
39399
39399
39399
39399
39399
39399
39399
39399
39399
39399
39399
39399
39399
39399
39399
39399
39399
39399
39399
39399
39399
39399
39399
39399
39399
39399
39399
39399
39399
39399
39399
39399
39399
39399
39399
39399
39399
39399
39399
39399
39399
39399
39399
39399
39399
39399
39399
39399
39399
39399
39399
39399
39399
39399
39399
39399
39399
39399
39399
39399
39399
39399
39399
39399
39399
39399
39399
39399
39399
39399
39399
39399
39399
39399
39399
39399
39399
39399
39399
39399
39399
39399
39399
39399
39399
39399
39399
39399
39399
39399
39399
39399
39399
39399
39399
39399
39399
39399
19440
86400
72000
29503
29503
29503
29503
29503
29503
29503
29503
29503
29503
29503
29503
29503
29503
29503
29503
29503
29503
29503
29503
29503
29503
29503
29503
29503
29503
29503
29503
29503
29503
29503
29503
29503
29503
29503
29503
29503
29503
29503
29503
29503
29503
29503
29503
29503
29503
29503
29503
29503
29503
29503
29503
29503
29503
29503
29503
29503
29503
29503
29503
29503
29503
29503
29503
29503
29503
29503
29503
29503
29503
29503
29503
29503
29503
29503
29503
29503
29503
29503
29503
29503
29503
29503
29503
29503
29503
29503
29503
29503
29503
29503
29503
29503
29503
29503
29503
29503
29503
29503
29503
86400
57600
86400
86400
86400
57600
40943
40943
40943
40943
40943
40943
40943
40943
40943
40943
72000
5965
3597
36497
7
36497
39
39
7
86040
86400
76440
86400
1800
1800
86400
1800
0
0
0
0
0
1
1
0
0
1
16
28
65
53
10
7180
3593
0
0
0
0
0
4
5
1
1
3
3
0
0
0
25
14
1800
8
1800
1800
14
8
45
3
1800
3
0
0
5
5
0
0
1800
103
39
4
44
40
0
66
0
0
0
66
0
93
120
88
130
130
130
130
130
130
130
130
0
0
7
130
130
130
7
9
86400
15
15
574
574
540
137
533
154
9
9
1274
45
87
87
87
87
0
0
0
0
87
87
0
1
1
4
3
5
2
39
71
39
1274
1274
1274
1274
10
907
10
1696
313
1618
362
156
156
897
60
19
75
19
30
50
30
2792
16
16
16
16
1390
16
1390
6
1001
1041
90
992
7
7
7
7
7200
7200
5
567
56
567
680
1342
1342
1342
1342
1342
1342
1342
1342
1342
1342
1342
4
4
103
125
428
428
