7
2
14
94
67
134
54
481
276
676
565
692
1429
62
35
54
184
103
1982
1465
763
635
685
1
1
5
2
616
637
696
7
586
13
32
241
260
16
5070
31
96
4330
671
52
9
5
65
13
1
68
4
1814
62
82
7979
7432
1843
4360
4609
3
2
2
41
2
2
68706
148
25082
14
5960
16240
9357
7
436
17846
901
1230
1937
415
1041
655
384
866
10
266
135
11
7051
300
253
793
764
8160
97
88
76870
47
112
25439
76359
376
22663
40
6347
1
981
5958
31
7
6
8
15
4
3
4
11
22
163
23
237
16
985
7752
354
6
1
19651
1122
11
48292
16015
426
543
417
354
389
404
959
216
10
19
18081
4414
68672
1640
975
6958
3666
743
1022
560
188
404
554
338
6945
3554
1658
766
811
511
187
404
150
420
7142
1244
878
437
293
311
7522
22473
14140
10887
1
112
6864
3400
6907
3377
2764
278
7
3
7
7
7
6
7
7
7
6
7
7
30
29
30
30
27
323
36
700
2804
3433
7704
19872
23070
8994
1252
834
16
2
1284
37
2
338
3922
99
1995
1
5
1
1
1
8
8
7
1
1
1
1
1
15
15
13
3
122
1001
12
3
314
280
91
574
1
6
7
7
6
8
8
12
1
1
1
15
124
230
241
6
2
6
7
97
5
5
6
7
6
7
8
8
9
10
10
12
14
14
15
37
24
26
109
111
59
7391
14
6
6
6
7
7
7
9
9
9
2
10
11
10
56
13
12
28
22
24
23
2
34
928
7325
57
60
39
497
38
75
129
106
163
193
223
83
75
9777
662
17282
17424
12
366
78
805
680
592
280
86399
848
1452
1032
616
53
53
54
202
569
193
383
1216
289
344
319
1005
2686
1069
899
763
931
651
3
167
174
21000
1409
3042
275
184
174
10191
522
449
21
64
1987
583
3
7
3
15
915
3599
1369
147
63
903
168
108
3545
27661
381
2231
21867
86389
21
499
394
163
168
10224
7
16
21
15
22
1010
2422
129
15085
15235
63565
3821
764
733
1963
128
54
75
211
5727
5607
49462
3305
238
1769
1781
1518
4693
1099
14880
1101
3508
15
16
16
15
22
434
16
16
106
15
15
40
36
444
1175
12
596
1104
1121
474
680
942
2592
848
519
472
799
566
532
184
488
79
20968
6024
6485
29
596
400
461
333
1110
1349
980
397
4461
854
553
86394
66326
694
38
170
454
1844
391
138
381
125
120
2051
46168
1343
1352
1347
1338
1333
1319
1289
1285
1243
1236
1228
1220
1208
1669
694
692
688
106
108
106
99
3568
47
15
127
479
1153
108
3860
11495
14780
20974
3936
180
398
4
20987
8676
8670
21024
10647
1021
30545
507
168
734
86
2357
356
12758
12466
12469
12476
12414
12420
12425
12429
12434
12438
12416
1203
1056
1093
1091
1088
1094
1087
1094
1085
1096
1109
7987
7778
8785
629
7307
7308
7377
207
270
603
4
7
7
3
460
5
21
7
8353
4137
6
10
8
7
99
513
455
307
135
6
5
7
8
4472
16
9
18
21024
560
25
3500
9031
606
189
807
988
8
7
4
12
15
270
5670
956
1360
10855
5979
2961
2849
2214
2255
3496
3449
3342
82
36
159
5032
19277
4373
4359
4322
3949
9133
6420
6518
6423
6537
6433
6158
6153
6466
20
4616
3751
7122
7068
6829
6810
6674
6654
6407
6385
6337
6316
88
26
18
8161
8106
74
8055
3991
3878
989
42
520
89
68
1771
44
176
609
185
1
161
105
56
40
20985
58
39
5017
4
520
744
26
992
70
6642
17
414
17842
14
661
5431
86380
772
256
148
141
37
78
1012
32
1
10
91
113
4
44
28
6
13117
12443
10
30
413
34
6
2
1
637
6
86
24
567
752
19306
42
360
1
1
803
1266
448
8859
56
10
298
505
1568
1106
873
11133
10
10
15
16
101
54
816
1047
44
110
2280
157
644
28626
64
33
514
1
141
9170
13187
334
295
6
2
40
35
1
34
39
1
37
30
31
26
25
17
272
20986
40
38
46
38
179
35
29
10818
35
28
7
503
821
554
622
616
620
497
869
615
801
2
218
182
2
4740
85
2741
14
633
585
807
233
648
15941
45
2
1
3668
927
694
39
660
6336
1
18
86373
40
238
694
915
45
11
2
161
214
1
176
10
165
1
620
39
1
178
47
28
39
789
170
319
107
6380
206
65
305
11584
216
646
1793
6
378
2
219
190
61
31
451
161
98
305
561
7
34
29
851
2
82
2
45
5
537
1494
31
32
63
1
942
491
217
61215
80
78
2
19
2
2
2
76
57399
780
69758
106
67894
18
836
75
243
361
19
168
338
91
97
2435
19
100
23
11592
22
138
22
22
23
23
619
6361
17109
10705
12690
290
8596
731
3201
272
84495
12982
647
388
186
873
2807
64
61071
142
5735
57
71973
44
623
20997
11590
70
23
15516
98
7651
68772
18
620
2162
691
128
55496
317
56397
1144
1927
71980
11566
15477
967
20978
231
498
1
460
6
458
6
68613
34
51
51
29
46
45
29
28
29
68517
10387
15139
17
14
14
883
98
7859
687
2477
25
334
646
12616
6224
8881
6303
43039
259
129
1499
5464
110
103
123
121
2198
2950
3056
455
177
1
706
258
2
3
38
648
14666
61253
112
671
17
306
2
1
507
1072
139
1245
41299
41270
487
197
6
2
68033
69799
3341
766
14
19
6
2
1246
125
783
15
928
11381
2631
12539
266
6179
15306
13412
8847
13
177
68884
5
88
2141
1288
85669
4699
8212
15997
8986
5892
849
168
5
89
86
601
2671
1
3
303
297
297
42
304
297
301
301
301
297
298
158
165
398
150
183
160
172
395
394
89
88
53
172
77
115
97
1
39
7
5
86388
112
61847
116
931
529
2
13715
33
42
83
324
2
6026
61
417
404
89
71
86393
1
110
411
477
117
6
23
3236
57
92
511
2
16719
586
773
467
94
86393
734
60137
40
32629
352
75
103
31
77
1
1
80
8014
882
171
24
1730
1069
1870
1381
10
20977
98
20980
11
305
294
299
304
311
9156
35511
1695
222
299
345
365
82
58
58
41270
202
21674
1799
84
72
3
8024
3999
8020
454
321
1
1
1
1
183
149
1
1
7047
7132
7188
5423
68900
27311
453
499
9992
55
2268
836
3309
68008
7
2
2
17
115
4230
69890
11
34
366
11342
6573
104
1
453
2
86393
453
372
22
2
3
3
18
6
258
86379
3
320
554
29
13
22
2415
29
25717
554
315
127
8
26
82521
108
60622
54
46
9
139
2
2264
1062
6
23
2
123
83
35
1606
47
19
1784
202
59
2369
5646
8916
34
20994
915
286
669
997
174
161
236
329
328
879
5566
90
1569
1817
3
2
5528
2
1
12
305
1
1
1
5
143
1
295
447
2019
13
1
1407
2
7
9
60
331
459
1777
264
5429
108
1014
39
3018
2141
6
2456
2
1
11571
6264
15451
93
6248
8912
6109
17
10
20
17
28
1
33
65
17
17
46
18
1445
18
230
380
6526
2718
12
3
121
8
13
14
7
16
27
1519
27
4839
7
2
1
2
78
68505
1796
7
2
9
131
14
1773
2
1528
2
210
843
2
146
445
2
1781
3597
897
2
2
6010
60
951
25
365
4418
96
28
6
3
27373
6
868
12
26
3
8879
11
23
3
2
3
8
39564
3
151
96
35
353
293
26
21
8982
82
849
4159
95
46
14
1774
186
83
68741
188
216
8
125
2083
90
147
428
440
357
885
115
69
32
68452
53
146
1147
23
796
11989
239
534
1690
1855
12
13
6291
3
26
1784
12
28
1248
1224
7
15
56
86380
1185
11014
1224
8243
16013
8987
5903
876
1
1038
5529
1
33
33
33
444
46
186
34
84
58
65
70
467
43
43
1
141
1
364
123
98
123
45
113
70
408
51
94
21993
405
338
11981
457
86
586
167
515
1653
508
655
68636
41517
233
167
45
39
11025
68650
3385
3
8674
8974
213
69987
68192
27439
752
399
129
2919
499
17
623
8
86376
15
20
545
124
9
552
8
1438
119
1314
17
497
503
3655
495
493
490
71
73
68
9
968
964
134
4051
1035
97
16
1019
242
799
510
78293
95
283
842
817
769
91
42
94
56
748
39
37
1002
807
345
427
251
154
144
1775
20990
11
20989
12577
1
7
7886
4002
1863
844
1015
847
769
1094
2
41659
5
5981
1600
838
771
41535
16
644
824
764
23
23
24
55
51017
1790
821
4256
2
16
13
9327
7062
32713
26
31986
16
546
1780
28
15
1081
27
35
41568
1078
826
755
117
1016
823
754
264
52
40
772
1089
825
752
998
1074
771
68574
174
485
991
76
352
77073
1727
29
1101
5
1393
1545
86399
851
443
269
185
472
14
132
1
241
916
615
876
759
29
1069
900
799
150
1797
869
820
1202
1016
891
13
997
16
1816
3270
17
764
57
35
192
125
2
92
108
29
2254
9
308
318
44
4551
2839
4167
86377
4380
3542
4054
781
242
171
86
13
132
48
1068
839
7
33
3596
53
2538
299
103
215
378
195
111
1069
844
1062
885
759
1071
842
783
1079
838
747
57
1784
107
762
1
9
4735
85
107
65
40
499
17994
429
27524
382
2982
1132
648
364
1936
1130
634
702
597
631
4764
767
1210
1
1
1
6
5
101
646
122
70
64655
250
96
663
207
531
106
851
205
176
20
15
16
839
57
86379
44033
3544
100
1309
3141
68506
68518
68473
68803
41547
12
2
12
13
16
22
3
3
4
550
14
16
6501
44
2823
2
4
565
13
29
50
774
68756
1300
948
11
201
61530
68075
27471
70076
298
36
1021
843
773
1328
17
7302
917
1230
1940
86398
86398
1258
17
2025
19
94
6285
11
362
5
25
10
361
115
891
11
24895
141
10
25
121
3
403
433
45024
27
2479
68690
90
627
36
2
10
806
67
93
237
2515
6
384
102
232
23268
131
486
3
3
94
2
3872
3826
23600
2
2
93
3
324
3592
172
5044
2
86030
649
108
1
1994
35
2223
27033
7390
4028
913
16
25
1
1
1311
7
309
2
17
689
679
444
15223
1174
12
112
42140
68
60
1778
15698
15761
15748
15653
16129
61
95
756
9017
1800
309
48
45543
85272
613
651
21
604
7
42653
12897
118
2299
1078
1
66
38
21
15
71814
5
42700
74
42624
134
1067
56109
13
116
2120
1147
438
136
726
34
34
320
35
113
66
727
141
3348
1187
21
135
3374
329
121
136
16104
9414
8162
368
5939
19978
38123
365
29
126
101
435
333
260
323
324
423
13
86024
127
1691
629
17
401
375
3172
1875
152
7
820
50
119
19
42
8
369
49
8157
76
244
27491
1685
330
284
180
346
428
5958
6
105
564
639
736
145
104
10318
100
75
74
7128
7
75
75
16011
2893
1939
1494
1204
1276
861
1117
83847
8132
43209
34
8115
7
669
68455
5990
715
418
94
31985
25885
14582
7966
3630
3066
931
8128
8113
8112
44215
8119
902
32140
26023
15019
6465
4104
2327
1507
57
862
869
8123
59
87
14380
468
97
1
34673
66604
57
58
7899
735
1345
86374
86374
503
256
10
2563
333
392
161
617
710
1773
806
2
85272
1548
124
397
21
704
12
893
778
10
6
52
6
105
14
157
1472
156
230
321
23
729
249
498
50
993
47
46
46
45
4
1188
39
44
3092
45
2483
37
9
37
50070
38
73
70
71
496
349
35939
86031
86031
947
68483
68482
68847
61988
86378
86380
68938
318
524
514
279
517
2815
14395
37135
14386
14396
4560
42459
68617
8
66
190
1146
99
639
67
1201
6256
40
1246
85309
1
1
1
3
123
83
129
69878
27
39
31
20
1173
130
528
4
4
110
21
54
166
46
35
29
1
386
43
55
1093
187
2
1281
1310
15
74
107
68517
117
80
6
1778
1914
74
41677
100
83
33
84
79
97
1979
41569
488
113
536
70518
68129
27535
777
94
86388
459
86388
25
82924
54
82435
96
355
2364
8
14
50
791
5
15
3421
68850
46192
50
1321
754
180
3591
43187
20
78
2
2317
23
76
417
271
1
3884
1796
1794
65
62
94
1667
5
67942
688
86383
8629
8410
2319
2372
37
19
1242
40982
1592
12775
867
872
879
873
3051
9064
2573
59
42214
2170
533
36
68448
68735
454
607
2
87
81
34
75
1703
25
32
627
278
1104
82702
105
4
433
2
176
615
1
2
471
10689
2
41
110
118
1589
2055
2077
2
106
7741
46
52
38
26
6629
7
10541
619
5819
2797
65222
2617
2466
2586
2491
2620
2650
2682
2619
2672
2634
2557
2511
2600
2556
5143
13924
760
67
217
5909
28774
2239
24401
5
33
10
657
201
8
91
640
720
13
20
334
38
61
165
341
309
1650
17
190
33
154
3
155
18
31
4
4
72
75
75
166
75
75
59
17
59
652
59
46
4
37
4
42
32
20
23
24
184
232
131
5
9672
180
86
824
1770
16
364
161
22
157
878
146
1020
1679
173
715
43
80
1457
275
758
384
28797
733
1725
1348
715
1461
5941
5908
1967
35983
141
7
1975
2
905
2014
2079
2090
599
1925
3
1900
477
8
2
2
2
35978
29
20
27
27562
477
1
24
27
24
1962
1171
1647
4535
4529
2845
492
238
1593
118
2047
11
6
6
6
5
736
708
348
297
1
162
314
1
180
14536
183
14623
14387
11
4
19
18
4
3
3
3
3
142
24
2
627
211
29
791
28798
737
768
218
28786
846
57
765
760
783
24
68515
71743
71382
68731
28776
468
41745
757
51
13078
156
1870
15369
8507
613
121
767
2
329
149
75332
3678
5
2
1204
42011
159
115
80
525
1184
5
8
654
572
9
7
7
109
1
3570
9
9
4
12
9
4
4
1
1252
1806
1
110
253
37
5
5
5
5
5788
7876
15367
377
5
1946
1966
407
21
3715
1
1799
9
7
7
8
9
8
11
352
38
663
107
7
143
291
2
5877
5872
5875
5817
5875
5874
5870
4
4
6
79
152
1166
373
13
10
9
3
16
9487
134
29
1133
67
419
812
538
13
17
18
129
319
54
3434
85284
28
7
47
14
313
33059
48
329
9
419
270
461
86027
86026
11060
45
136
51
4
5
5
6
1127
1723
1357
22
3
2
124
99
16
526
244
2121
619
338
297
1786
2746
1107
58
377
950
525
8
204
2617
8
2147
259
495
1
508
12
958
923
365
265
263
290
107
329
1
1536
4059
720
1186
701
20969
62108
724
6733
14
1805
7067
2732
3414
12
86391
1220
1165
8
866
64285
5824
7942
5882
11
8997
6
28775
13
8
13
657
4802
4758
9261
899
779
70964
5088
1225
1318
511
337
387
1
95
7233
1
48284
19053
356
28
177
2080
45
371
17318
9871
348
11024
8213
41
806
16173
7211
192
51
54
51
529
735
67
49
719
5533
704
9491
728
6726
1039
3587
3506
1940
739
729
709
13174
5905
5878
5877
5881
5884
5881
5888
15033
716
721
62003
14054
131
136
141
1117
6912
7611
1010
2879
4477
343
726
8218
7577
38
23
20999
68458
39046
33
2
28799
33
5
3
2
2
1
9
28
28
3
28
68
29
29
28
7
64
22
13
23
49
10
6
54
1
12
2
8
12
28787
28
28
29
29
28
63
100
26
27
27
27
47
1
102
26
61
27
26
32
26
26
26
26
26
26
26
27
26
26
31
118
26
26
26
26
26
26
26
26
26
31
61
26
26
26
26
26
26
26
26
64
26
26
26
27
26
26
26
26
27
25
26
25
26
27
27
26
27
31
52
27
26
26
26
27
26
31
26
26
26
26
27
28
27
27
28
26
26
65
26
27
26
26
26
26
25
26
25
26
26
26
26
26
26
26
26
26
26
26
26
27
26
26
26
26
26
66
27
26
26
27
26
26
28
36
66
27
26
26
27
26
26
26
27
26
26
26
26
26
27
26
31
27
26
26
27
27
27
27
27
26
29
31
27
27
26
26
25
26
27
25
27
26
26
27
26
26
26
26
29
63
26
26
26
26
26
26
26
26
27
26
26
27
26
26
27
25
26
26
27
26
26
26
26
26
26
26
26
26
26
27
26
26
26
26
27
26
26
26
27
26
26
26
26
27
26
26
26
27
27
26
26
26
26
26
27
26
26
26
26
26
26
26
36
26
26
26
26
26
26
26
26
26
26
26
27
26
27
26
35
25
26
26
27
26
26
26
26
26
26
31
26
26
27
26
27
27
27
26
26
26
27
27
27
69039
26
27
26
26
26
26
28
27
27
27
27
27
26
26
49
32
26
27
27
27
25
26
26
26
49
31
44
26
26
27
26
27
27
26
27
27
27
27
27
26
26
26
26
28
67
26
698
36
469
2
185
9
876
6932
467
438
397
14
1
1
1203
1092
61
252
29
5002
7
151
15
415
624
342
5847
8012
18524
1
1
465
13
2310
9176
7424
9734
8779
3
68805
20281
6009
6071
6049
5991
6042
6025
6064
1
623
14
65
505
122
10
2
113
135
38
37
8
8
8
8
7
8
9
9
8
8
8
8
7
11
7
12
15
8
11
27
29
15
23
23
17
17
17
16
16
19
21
16
14
22
16
19
16
19
19
20
30
31
19
26
29
20
14
19
13
14
13
11
15
15
30
18
15
15
13
20
27
15
6
15
29
28
28
29
27
29
16
27
15
18
29
14
14
14
12
18
10
14
12
17
18
17
22
22
24
23
26
23
23
24
28
9
28
26
23
21
23
8
13
17
16
20
13
17
18
2
17
24
17
10
1
16
27
18
22
8
26
22
24
22
25
22
23
26
21
25
21
20
22
22
30
29
27
19
28
30
4
26
22
19
16
17
20
20
22
1
24
22
22
22
23
20
20
20
12
20
22
23
19
22
20
17
17
17
18
18
19
18
18
18
18
17
17
18
18
18
16
17
17
16
17
16
16
16
15
17
16
16
16
15
15
16
17
16
15
15
16
17
17
16
17
14
16
4
16
15
12
14
15
13
13
11
12
11
11
11
9
10
11
10
10
11
11
11
11
11
9
10
11
11
10
11
10
9
10
10
10
10
5
10
6
3
10
10
5
10
10
4
5
5
4
4
4
4
4
4
4
7
7
7
4
3
3
3
3
5
5
5
4
1019
39
121
121
113
11
109
153
259
3
132
355
477
588
10
9
183
1311
1274
84
280
1496
3215
2
744
885
2
1
1036
2
231
159
274
101
100
94
94
93
93
78
92
92
91
91
91
90
90
89
89
88
88
88
88
1
87
86
86
86
86
85
85
84
84
84
83
83
83
83
83
82
82
82
82
82
81
81
81
81
81
79
79
79
79
79
78
78
3
78
6
78
78
77
77
77
77
77
76
75
75
75
75
75
74
74
74
74
73
73
73
73
72
72
72
72
72
71
71
71
5
70
70
69
69
69
69
68
68
68
68
68
67
3
4
67
67
67
66
66
66
3
65
65
64
64
64
64
64
63
63
63
63
62
62
62
2
62
62
3
61
61
61
61
61
58
58
2
57
57
56
56
55
10
2
810
3
1
163
3
1
21
52
46
2
140
744
1
23
1
19
5
11
1372
167
1
1
26
479
5
35
72
71
70
70
70
68
68
67
67
65
65
64
64
63
62
61
61
59
59
59
59
57
57
56
56
55
54
49
48
48
47
45
45
44
44
43
43
42
41
39
39
38
37
36
36
35
34
33
33
32
32
30
30
29
29
27
27
26
26
24
24
23
23
22
21
20
20
19
18
18
18
17
16
15
15
14
13
136
12
12
157
4
2087
60
1005
1
5
5872
40647
10
1
72560
2
9
36
1788
5197
5155
2075
81212
12
2571
330
6
761
748
1032
11865
2024
4
10
11
14
8
17
1322
1344
1
4
627
110
59531
29
3
1402
1401
1401
1400
1399
1392
1392
1391
1390
1389
1389
1388
1387
1386
1386
1386
1384
1384
1383
1383
1381
1381
1379
1379
1377
1377
1376
1375
1374
1374
1373
1372
1371
1371
1370
1369
1369
1369
1368
1367
8745
39
643
692
5
161
2
1948
51
46
1200
580
523
545
3
86370
7421
236
313
312
311
283
282
281
72
4
390
316
279
217
261
110
10
12
66
281
279
42091
11
17
10
11
11
11
15
28
2390
40
88
104
1775
263
11
9
582
1396
68
69067
69097
69123
69136
69151
69169
69193
69207
69219
69236
69250
69269
69284
44
69356
69370
69413
69964
63
12
10
20
64
9
2
10
10
11
12
24
1
13
14
25
1791
15
1
23
34
25
25
11
41
40
10327
180
31
160
427
246
123
80
136
234
1783
78
1757
43192
502
544
43194
694
106
133
195
313
195
530
5884
5907
5868
5869
5890
5869
5933
200
2063
118
22
12
10
9
7
5
3
26
23
18
16
15
12
11
9
7
213
487
1401
65236
65559
7372
326
312
318
317
315
314
311
310
266
358
49
46
43
42
40
39
37
34
33
31
29
26
25
23
11
3
135
5693
492
37
6730
92
1
1362
86383
1
12
35
10
4
1553
1
94
144
728
173
357
24
281
512
235
51
7685
22
45249
200
102
98
93
89
85
80
75
63
58
55
51
43
38
3322
120
128
622
4
3
75
157
1986
191
298
269
555
86387
118
489
370
3056
532
14790
535
83
102
147
80
82
161
90
112
131
6754
153
153
11
3
612
62561
71197
68734
27523
256
4841
11890
1014
2769
3228
10370
7201
9050
8756
3764
1652
885
2755
894
754
893
303
888
880
963
836
3584
535
1489
1507
575
811
3586
783
758
68729
758
1410
1383
613
615
612
229
296
22
2890
10
5
10
5
54
10
5
49
32
135
36
5
5
5
5
36
50
158
72
39
36
31
6853
33
37
36
36
223
38
469
138
296
65
49
65
4
4
48
41
37
4
698
84
12
14
14
14
14
11
11
4
5
9
5
8
4
4
5
70
1067
9
4
198
249
5
4
169
372
67
151
5
5
63932
68540
69190
1821
6534
86377
1185
5490
1586
12
165
86388
86384
1217
86388
86391
11
86387
86390
86395
86392
86391
86390
16912
86392
86394
86390
86377
86378
25
86390
86377
228
1170
21
329
124
366
36766
901
50
11
11
11
11
830
146
257
160
7339
51
53
86013
86013
6
3274
43
498
1669
62
53
86
7
75
86012
86388
93
51
9
15
2279
127
1694
3818
14
20
12
70
20677
7
1912
4074
7
365
275
375
9
123
7225
6
219
392
8
1154
8
1637
9769
9551
12
2
2
1
129
45
1
13
13
13
18
14
19
13
20
15
20
23
22
18
13
13
14
13
13
18
15
16
16
19
18
18
34
27
35
41
44
135
112
112
249
249
268
584
584
572
15785
191
26030
77
102
86394
14078
13790
871
202
226
230
593
593
1051
6979
82
591
278
2
90
73
73
95
100
220
220
485
115
890
342
2169
1302
36
1
863
11
709
1
174
109
97
3592
104
259
120
22
6
88
83
5
168
549
154
97
1785
3300
120
253
298
85
84
26978
67
88
73
74
327
71
69
37
1676
2338
3456
2251
3456
1210
1656
82
346
450
480
1164
2326
119
19397
12334
8964
105
406
461
507
1673
1378
2326
2
1193
7272
6784
7115
54
68487
51
47
86391
39
37
84
7
37
616
627
40
53
9
55
42
9
66
40
19
93
6
5
8
5
661
10
1
184
214
268
142
177
317
383
607
1201
62061
2802
688
1174
41
73
468
846
108
253
68551
70
3133
7979
377
461
428
466
305
97
550
188
182
19227
648
1668
454
593
581
68703
68927
193
127
31
2314
152
36
86373
14
77
4171
4204
239
9
10
6
1
1
336
392
1353
385
477
2338
38
1
351
808
1006
42
5
3
74
1103
9111
354
43
502
86384
505
2324
1
86396
1
80
6
10
7
1
52
5
282
18
541
260
2
1209
203
365
77
29
300
531
416
12
269
723
1995
350
153
692
253
532
2334
191
402
95
9438
66793
344
216
315
134
18
50
46
228
5
462
1
94
7
2005
7
5045
86387
103
23
3368
75528
53045
6
74296
74755
86382
231
75023
356
11
6
6
6
6
159
94
71
69
65
726
1044
1029
1000
1000
151
5
215
117
319
218
356
840
326
9737
3568
5204
4282
415
6285
2664
5
7
340
11836
86398
12170
13664
13
6
5
4
109
86387
28
22800
646
645
652
610
610
4297
14
712
6312
21
610
610
590
8
117
226
630
2
410
55
66818
86012
86013
25476
62974
6
7189
403
399
414
582
344
187
84
43
9
341
9
5
12063
5987
5900
5869
10198
5518
5453
3156
8
2428
2063
12
6
2121
3283
5268
2188
2455
3408
6890
3204
7674
5271
73
73
1049
3601
2906
3961
5232
7188
4702
7973
4842
20660
4267
13
85
90
235
375
34521
11349
167
105049
2
106
60
53
340
104
657
63
8
194
63
44
180
22438
1337
2090
3571
3584
83
81
5104
387
8
10
388
1
1
43
7171
44
1015
10319
715
463
90
493
504
601
456
405
476
479
2336
369
463
499
597
401
495
596
748
23
41
64
23165
61
1294
5595
51
13607
51
15419
27351
61
83
2386
1256
296
173
763
673
761
674
621
69152
69512
40
13434
25244
72433
73567
72208
178
25478
15743
26596
2478
6
35982
403
432
86383
86380
86399
86390
86397
86391
82592
86397
86380
86381
86376
86381
86377
870
873
86398
630
86384
453
626
617
86390
624
622
86399
92
95
89
86397
61
14
819
827
828
717
722
86375
590
4
41
554
8960
3672
67
58
102
126
19730
79
22
505
343
445
470
29
96
8080
629
645
615
621
616
2066
610
1272
897
989
208
441
5235
69
484
352
405
434
6119
164
2678
1
1
142
7
5
1
626
1
603
460
7197
131
137
12
1172
3
2358
99
17
2120
3
1581
3
3
866
532
47199
1
288
69
2737
11
7534
15
19990
4928
19949
30217
12669
29
6915
14402
2541
643
9108
516
516
64
524
595
484
328
428
441
175
4
25359
1
631
14236
10492
6951
8597
8247
286
50
627
559
282
345
297
263
20
151
644
108
192
543
255
348
244
269
250
206
531
13561
348
267
242
334
254
232
6678
237
979
339
246
286
1809
27671
24164
3254
9
480
80770
2663
4004
8
1486
86145
1749
212
767
14770
86375
3389
3059
278
4526
5
12150
86376
270
357
3
86375
2503
540
191
374
313
18
539
453
187
69369
1340
359
7116
6887
156
30565
55
62073
594
26
13
337
1792
1367
1400
89
5
9
5
8
4
182
42
299
29
27
5
7
8
12
12
10
5
6
1211
387
6
15
6
1662
100
1495
1447
1082
86382
859
2
1
16
1777
953
609
20
522
5141
17
1427
559
521
498
396
199
64
4
1
504
1
1696
919
535
520
321
394
322
297
288
247
282
360
532
110
17
991
11791
6749
792
32
26
72073
928
86395
13202
106
18
25899
4
351
8804
770
1780
616
878
820
321
30217
958
12
105
3087
4843
3
362
60
300
3627
18490
298
74
392
1070
929
636
493
472
465
366
474
699
653
4
228
240
1023
629
634
1560
276
117
568
135
502
15
1
3
6
7
477
41
3322
41
50
22
28
444
23
26
1020
878
758
21
23
186
26
164
18
8
952
7160
15
7
4
3
1782
1773
1773
1690
1774
1771
952
184
66
12
173
1793
26
161
172
141
179
273
248
630
57907
138
57908
155
23
32
10
97
130
9
20
182
222
1
618
77
9
820
174
230
1246
16
59
2925
5077
92
1861
1860
6
7
2244
49
2127
35
913
814
446
21
199
16
220
90
546
17
13108
7455
598
3049
3831
17318
1046
13175
11157
1692
2671
18
8708
2786
3921
1942
19
4232
2108
6
458
2
236
25424
1779
47
7342
367
57
229
58
68816
68887
11997
646
2743
1394
842
6893
7065
6930
6854
68490
24
44391
85268
68504
64775
3
6074
682
3
30
24
18
3
219
22
251
35991
19
2987
43
19
419
163
722
260
612
5126
389
70
31
43
1312
1451
1411
6
2
1
1
1
1832
1
1
1
69056
69784
63272
8286
8380
8346
8312
6142
17440
116
37517
512
1029
86017
190
135
228
18
398
86381
8054
86382
86398
86400
86387
86374
86394
86394
86396
86373
86400
86394
103
473
33
86389
587
15373
7701
2913
60701
462
4003
80099
17
86398
86397
81417
179
74671
71155
86397
1904
56412
1045
3011
82027
629
103
349
5894
597
891
1677
6794
1389
2012
461
1669
1804
490
4
9
5
201
402
784
49
628
628
628
619
615
4
16
19
21
11
1174
288
2292
15
19
20
19
3570
20
3570
3570
10
3570
1149
1003
992
1011
1014
1048
1081
1177
1312
1599
534
2078
13
13
3572
13
13
13
12
3572
18
3573
3573
3573
15
18
3573
18
15
22
15
21
1071
17
1271
279
2158
3571
21
12
14
21
14
14
16
14
3584
3584
13
14
3584
16
13
17
16
13
3584
13
3584
3584
3584
3584
3584
17
1438
1986
17
1182
19
1250
20
1560
1879
1420
17
3575
1128
1010
1196
1047
3575
3575
3575
3575
3575
11
17
3575
3575
3576
12
13
12
1526
1745
12
12
3576
3576
3576
12
1099
1125
13
1163
1237
1354
1556
1833
1479
17
3575
15
16
14
14
3575
3575
3576
3576
10
11
11
15
16
3575
14
11
11
15
19
18
13
1239
19
3575
7
1193
1233
1288
1505
1776
1081
17
18
3586
3585
16
11
3585
17
17
1319
15
1439
17
1578
1732
1838
995
13
14
11
11
12
9
3585
3586
12
11
13
13
257
17
17
13
3585
16
1556
1783
2120
960
11
14
1441
1719
17975
521
735
2465
45
27
29
59
107
23
286
62997
1498
1718
1498
9
8
11
12
8
2256
884
3571
1812
1840
1854
1886
1921
1966
2081
2262
2274
884
13
12
3571
3571
15
11
13
2087
3597
11
11
7
10
3597
16
14
10
3597
3597
3597
10
1968
11
2166
2577
1860
1968
3597
3597
13
12
3596
3596
12
3596
12
2080
12
3014
2404
2568
2669
3596
12
10
3596
10
11
11
10
12
10
2220
2268
2380
2604
2999
3416
11
11
10
2593
9
2886
3168
3561
3595
3595
45
45
3595
3595
3595
3595
3595
3595
3595
3595
45
45
48
3595
3595
45
3595
3596
3595
3595
3595
3594
44
3594
3594
2850
7047
86379
86385
2289
50
28
95
2916
1691
2888
2638
4048
1497
240
132
79
134
79
72
74
72
41
16
4214
18
4221
7017
61208
476
6848
6217
869
422
2356
981
868
227
4
2
161
459
9
243
21
4
209
312
8
213
7
367
496
443
420
425
423
427
447
440
400
437
481
509
481
448
490
478
482
478
2
414
483
402
2
214
431
419
391
395
478
391
406
530
398
392
270
445
34175
432
431
382
34448
450
389
11
71972
1901
2
575
436
3574
3574
3583
3
3754
2
16
7070
32
453
31
325
302
73792
19762
28
34
40
86384
120
41
28
24
476
2
460
2
2
2
1788
2
2
28974
1
2
281
78
24
476
2
41
9105
2
24
2
2
12504
6993
94
500
54
1199
267
1300
7045
691
5
637
657
377
312
273
10
203
180
128
112
85275
96
74
140
93
6817
717
1987
856
3592
846
843
945
774
1797
942
697
774
37981
937
874
7056
3791
75784
22069
141
922
6830
68625
68838
10
176
856
1491
7033
62937
911
11
69022
118
84656
3
3
63909
3579
2
19374
819
14481
2
2
46
58596
134
135
592
591
1057
869
764
452
685
4433
86394
8762
86394
86394
35995
35946
7238
86390
4872
4798
5177
492
758
1
1
593
32
23
313
98
1159
47
86020
86020
17997
86021
82818
82810
1
167
21
604
5
35
7406
67104
7097
7085
22441
86378
86382
86391
86397
86380
86392
86371
86386
86394
86374
86387
637
2121
117
980
1710
1705
533
954
1806
1804
543
373
86392
74
139
12947
9038
9843
145
543
564
531
4
4
1970
537
496
353
604
287
979
807
691
3645
438
291
1878
35140
6646
9844
57
25815
605
870
16265
1013
836
779
19830
159
125
1608
39
1001
870
738
44
132
12645
662
1759
29257
7197
2628
3785
121
729
2010
1589
996
6552
3
18519
4
3
4
3
697
3
526
2944
481
347
202
151
118
307
449
5150
7
13
18
11
21
35
312
35
182
36
511
179
126
1066
403
403
242
4046
39985
85266
1910
189
1952
280
7480
390
21547
71979
2
185
5
18
15910
86037
5
2
238
2245
2
21086
8122
6802
32585
2973
67463
82807
1774
82833
179
6980
646
15175
9
41
126
36
50
14
147
18
2
33
58
58
10
23
28
300
48
23
11
37
81
4
4
2716
4
4
5
656
653
650
581
495
450
6186
1085
3
46
47
5
50
50
1025
44
5
4
4
23
24
25
7786
56622
69419
86378
70176
2995
8783
86389
4
1786
6501
97
86377
3133
70854
1056
11
7
3254
86377
67023
1945
86395
2071
71556
7870
5923
159
14659
13448
12551
158
43020
9
6
341
129
95
86
68
65
61
297
178
199
233
76
3
238
165
281
435
1071
848
1248
1346
7487
750
745
626
2025
8803
11809
148
62471
372
50
5
76185
1
9
475
9
7
471
62669
1285
339
1260
302
61187
349
341
372
3591
375
477
13020
21717
2
1777
2
2
2
1722
6
4
4
4
6
12
45
28
31
35
28
32
45
8190
99
50
68
148
188
147
109
128
180
46
111
179
87
231
215
72
48
48
48
47
21
21
35
61
109
66
5
37
61
37
32
749
463
131
117
35
19622
117
117
37
55
560
337
531
331
611
607
282
522
42616
34
108
3
538
324
377
320
271
367
272
888
85266
85
12312
477
12378
12309
81
63
887
79
170
80
165
446
79
159
419
86398
604
3
21950
67102
67225
62522
62829
19203
15608
68986
69252
69064
68640
5906
278
295
197
166
92
108
2473
86384
167
181
7646
27116
18685
76976
4261
3732
189
203
193
207
370
348
15
133
1439
97
39069
8
139
1337
18822
92
38782
10
124
1342
115
85265
10
109
1334
18700
114
62807
62725
67061
11
121
1386
67184
83
679
14
128
1487
18740
131
10365
1
191
68442
1
38876
3363
1
1
1
4069
3722
3682
1157
68483
10
119
1348
113
68438
7113
56
156
13
107
1384
633
145
118
874
69779
660
71019
94
90
18747
539
131
523
8
1239
1263
685
14
123
1340
79
107
68957
24
1251
1715
862
1269
19429
1264
1296
1988
1493
1255
13
108
1349
18884
77295
1238
115
9271
20
132
4284
55
64574
24
321
810
271
336
855
822
262
16
150
1411
496
115
62961
33444
17
116
4135
19381
67048
67204
459
15
120
1371
18705
9
1359
120
85270
113
20
133
4286
18
144
1402
529
118
25
127
4169
19238
332
9
1448
81
68437
22
142
1378
3132
534
119
26
145
4321
86014
86027
14003
86014
86031
68440
19007
493
498
13
627
179
86373
2114
3079
4255
1207
95
89
179
350
438
214
3690
3576
814
68483
86399
86388
86391
86395
86395
86395
469
86395
86395
86395
86395
86395
86395
86395
136
86395
86396
86396
86398
62989
86398
3748
1040
22216
27370
31873
6136
300
6061
365
4446
626
74938
17
14
15
81589
657
667
662
665
11293
11252
1232
258
21
216
27499
29
133
1431
14953
35464
44653
53060
47631
43976
718
176
148
315
417
664
10688
319
258
666
323
2074
79
44
28
145
4902
18543
729
113
162
237
3
18
163
23365
10
18
163
13
6753
12
69017
86381
80
671
28
84725
36834
2527
31090
75
664
38
201
281
84
1700
565
157
72
3000
71986
2923
73
74
71
246
73
343
1373
68827
21
152
245
1476
4
3619
10
32
141
27
153
4738
22
182
92
68
98
2983
2914
143
352
32770
60
870
5823
1640
273
74
1547
104
286
6
106
63
27
72
22
169
352
2920
2953
1784
73
1758
72
71
7399
103
108
740
71
4993
71
69
1001
73
35
28
141
5112
19889
21
72
78
726
14
63
109
68
1166
518
1294
57859
33
15
96
7
23
1465
926
826
412
458
572
645
1023
471
317
108
463
88
642
1013
536
343
525
320
854
789
684
694
476
304
473
1502
418
1357
588
10610
38
141
1647
36
147
4616
131
74699
3003
512
1066
62
82
362
123
23252
36
181
4618
65
3879
25
167
1603
65
609
141
15907
10
1492
89
20
132
1456
82
29
263
407
486
282
1170
311
73
143
314
128
261
1613
85
8
1569
15
28
48
1
23915
83
245
3510
1
2
1
1047
887
889
963
539
3522
3514
4118
1525
12980
318
71
97
380
157
3585
3585
463
439
83
125
115
94
5590
1060
736
18
25
404
761
60
1554
1268
72
13
10
13
7
8
9
9
8
7
17
16
17
10
11
15
12
73
21
45
269
264
245
479
130
400
10
67
1033
845
786
14
545
33
19
432
222
193
535
28
13
358
126
270
320
286
133
15
581
278
156
1063
286
150
16
641
15
10
1796
95
819
1567
1012
118
20933
545
65
67358
67352
67353
67350
67375
89
3585
68182
3034
2
426
24252
118
121
8775
22
5
7
5
4
114
15101
13
25
214
13
923
264
459
35
64962
838
38
782
1
8993
115
702
13
19854
63647
1785
18091
6269
45
1230
1348
4
3029
1782
57
427
1079
456
1273
2
3970
4188
900
7
7
7
8
7
8
8
10
9
10
9
10
6
10
8
7
7
10
8
7
7
13
11
10
9
7
7
7
7
7
7
8
8
8
1102
1173
3517
10
3516
10
14
16
19
18
27
26
27
58
65
66
186
180
178
573
585
598
1777
16
880
40
389
7
59376
740
1268
349
11
11
11
3573
3572
197
825
186
3576
255
9
10
1391
57605
302
56497
773
1237
217
639
1
16
14
13
17
8
7
8
8
8
17
16
14
14
23
15
25
26
32
66
69
77
1981
197
220
218
570
510
302
11455
6
54926
1308
8
7
7
7
14
7
44
42
40
3299
1209
10788
13
9
53874
53872
1
967
3
1
2
3
1
12
52850
485
1216
390
1175
117
39
7732
1
10
1242
2
1336
2
1295
2
2
735
1236
1822
1943
355
1
12
1279
1350
41664
1292
73674
251
1735
1291
19253
1298
1281
19853
42264
20
82
45266
44564
44664
64978
22253
67558
30957
78998
79014
52473
22854
12383
33960
19953
46866
77687
549
4678
33461
805
38
41
728
10778
463
635
628
979
627
459
2413
29940
6445
466
1835
2075
1626
366
7184
5781
82
79353
79247
62983
1465
1476
1117
1436
581
86386
1303
68915
6041
68594
8496
3534
10
3533
3527
1316
521
604
288
329
75070
298
2294
2095
1865
814
180
329
106
49740
74031
9
174
739
50637
198
54801
51
2117
189
30
238
18
21
277
10
406
723
912
692
807
260
651
795
66
440
11933
11455
1013
1378
1064
864
1654
1057
657
665
660
715
704
664
901
718
861
648
788
1106
659
69032
68839
18
161
3285
2892
38
186
8547
162
93
95
3834
2889
1321
873
5004
1073
1322
16172
3496
17979
2438
2450
2523
847
55
217
5992
20551
12
184
2366
92
525
34
149
4459
467
30
26
4827
32482
892
1125
576
296
161
247
59
21
571
38
86014
2
195
6
16
1
3
2914
3854
4
34
1282
4
8
22109
86378
86378
35
86376
86379
86390
86381
86386
15
86381
21856
86378
86395
86381
28
86382
21824
86385
21743
21703
28
100
14
28
22000
86030
85177
10
733
246
16
21
551
86017
242
1
411
36
31
1
4253
160
12
170
1570
18507
1411
1202
29
160
4959
85759
3
4
16
39
21
87
71
60
847
238
1991
1599
12
16386
32
43180
237
8
27
66
1
10
21
8
15715
15971
84389
1229
15741
9454
8712
3
14902
3
14731
3
2
5
6
8
8
3
20
26
95
163
497
1200
43
13127
104
43
1156
150
3538
3537
3536
43
43
37
75
47
43
1
2649
1381
249
630
40
37
1
57
5
10
17
17
12
3413
68460
68437
68484
600
15
2808
274
48
1782
46
263
809
44
318
1
49
1
7
13
2
1785
2
1
1
5
1
1
1
1
65
2077
11017
3
1050
3
3
68899
2
50
41
1
1
45
3896
2895
2464
45
2
607
613
2489
13956
70736
67217
1
43087
12
1
11
10
9
151
2
3
2
1
40
11
11
30
17
15391
27543
8
41
40
8
37374
86377
86375
42
86383
86399
721
31531
86381
18
6134
143
19
86378
30
109
86394
39
79
19
17
11830
62147
6
6927
3920
3516
2
13037
1773
267
1190
1038
11322
2594
178
84655
487
382
538
979
44
2975
21366
2446
54370
86128
86185
5
2181
942
23169
4662
17387
3646
1
424
914
1
2
9
85
27
151
6
8
8959
62694
2
29
25
7
55
288
16302
1800
25
9
1047
3
6061
457
5972
22219
224
6135
41458
6
3747
178
239
10343
22553
6
5
969
889
6624
678
6110
40
168
8358
66917
6101
677
22
129
6501
19652
6081
31803
63
563
2271
19381
16
18157
8568
2552
605
2439
230
694
2244
410
346
5562
13
541
5646
702
286
392
254
202
800
1346
505
365
1170
746
697
968
321
257
476
571
310
605
67353
235
6116
853
39
216
5236
54
68438
31664
67181
18456
111
4440
13907
1
1
1
86370
2371
1
2182
1
1044
1933
43177
86178
86394
86369
86378
86374
44139
86391
86389
86373
86371
86374
86388
86372
86399
70
86399
5758
1088
31429
5007
1165
6600
43660
9776
12409
877
67589
5128
1143
18085
1028
17
6165
4
4
380
3
39898
3
8961
71590
4178
4
86387
9
31957
39
259
169
5059
19667
675
185
9
96
1595
1401
13
937
404
487
1788
8
253
234
235
234
234
235
240
239
234
236
239
241
242
249
257
43180
268
276
294
110
549
86385
28
12
6120
638
143
9
122
21
2
64
108
79
177
1059
3526
783
298
3261
3
2
77
261
289
323
323
322
329
328
332
4
334
4
341
311
333
86167
9
8
8
18396
11
11
20
61814
63242
20
53
1849
8765
52
2875
228
217
76751
2023
3
44525
3
123
3
7192
7192
6172
49615
38
200
5003
26809
969
86397
86374
86381
9
49061
1
2
491
504
464
1381
2114
145
144
1231
2
2121
14017
589
123
60
558
1791
10835
71
86386
86376
606
17
86382
20
52
3517
222
6118
91
8021
13
7183
9108
3
7826
109
117
2
81
1
67
86383
100
262
10
4
15
2763
216
239
29
202
26
142
4476
19615
17
205
151
574
11
17
86372
17
3255
2175
6120
164
125
687
588
9
35
604
43
129
756
232
3572
760
639
24
125
751
458
482
706
325
772
597
624
477
2
27393
36634
27
61354
6172
27
40
45600
82080
86371
39787
28
36
84473
1346
155
7
42
158
4573
20646
6
7006
523
612
463
780
761
6135
776
471
7050
15714
1364
70686
7181
24
146
4755
19530
471
196
182
473
1131
4
6
2
4
10
35
18395
68898
68605
6110
6693
69083
68462
498
6254
18
183
4857
515
6192
22091
6286
18257
6250
69712
9012
6242
1355
5763
191
7607
57
42
53
56
3539
1285
199
411
125
1599
240
39
168
4513
19320
108
86398
82330
455
312
799
28
815
766
412
129
69
199
28
52
678
59
50
70
28
67
227
147
61
152
105
97
101
309
215
5239
466
37
165
4365
614
473
18585
76465
17275
1235
5
39
24
139
4237
19387
2
2
4
8
20
58
288
108
20
22
60
457
2878
36
161
4299
5
468
55127
18289
73377
10976
38914
8666
86383
86381
74785
64140
35
210
4387
19366
3
5
7176
7174
130
126
121
117
7175
7172
472
31
51
52
96
112
131
165
298
239
38
161
4342
1869
4
68447
3
68973
68489
149
46
68783
332
17694
140
475
79667
27
30
4156
19365
445
40
162
4258
18296
465
62824
30
33
4258
1608
462
7197
7190
7188
7184
7181
7178
2553
17159
124
162
18296
86394
38086
607
58804
73652
36269
73183
46571
54538
64975
78629
86396
7878
18289
7
2192
572
708
194
166
3
3
4
4
4
407
6
241
263
4
6
236
3
238
1528
503
355
522
336
590
324
16
134
361
118
4578
257
4574
3718
3714
3712
3710
3709
3708
3672
5749
69
652
648
4639
4590
9389
16915
16
149
1478
7164
7165
7162
82
3
745
18485
746
3313
2662
264
957
69
54573
3
9
21
12
123
1527
58352
68987
697
254
1193
17423
23
56682
665
295
341
30427
42522
68636
248
62796
303
729
292
31920
18780
177
1789
61878
1308
217
20589
15
18682
15
39
157
4413
17
15
181
483
124
213
75
137
70
63
334
84
16
3
460
3
3
2
381
297
607
481
334
456
315
313
297
272
1540
972
112
99
102
92
1306
84
9
61
2914
197
165
50683
133
111
126
189
14581
403
122
312
49
1025
726
53579
62123
5811
167
19341
74917
408
61134
28974
45331
39621
84307
49612
24001
370
301
179
73146
294
9
233
662
3360
283
235
493
221
311
743
16803
31573
162
34
155
4302
285
48565
234
1778
1659
139
6798
3
135
108
129
134
73908
101
88
86
77
86
4297
50442
76
6
80
69116
72
67
526
71
1689
61
90
61
64
15
67
71
90
18266
42096
102
65206
124
14886
29747
52976
16455
33282
58268
115
108
119
187
63
19
163
4371
4314
540
19357
10512
697
334
24
897
752
36
159
4247
13021
37
166
4273
31313
449
19383
34
157
4172
474
36
167
4283
693
761
19236
13160
50385
734
739
2903
2435
19473
2209
241
168
184
1072
174
2785
1571
24333
156
225
279
933
1618
246
1614
27
614
27
231
874
26
173
27
435
64
2027
10
200
199
16
10
182
7154
1453
7262
1218
837
2
1
3579
25
2736
637
2030
46
4894
9
1
7
6009
414
14
413
383
15
1
3994
1044
2368
197
2665
1527
9
1185
190
6794
3043
50987
19
5
6
6
6
13
6
6
5
7
172
10580
46857
761
736
50387
4
4
13630
1005
3
824
562
472
18540
219
1633
121
1199
19
48
8
21635
989
1143
3145
10
672
595
47089
709
738
916
147
604
154
200
200
1533
1366
1316
291
451
2459
3772
191
191
191
191
779
8712
5267
960
4847
2042
554
404
708
499
528
1028
743
947
417
402
440
1698
1118
977
1247
511
856
895
637
7272
121
46827
2823
2357
1311
167
1982
2259
225
2596
272
944
759
12057
13557
641
3
690
3
3
627
8022
629
12
6
11
11
27
14
8
13
101
608
153
515
48
41
71
2
2
2
1
140
603
9
8
58
8
167
530
33
101
152
33
